4622	5074	4129	4190	2668	3054	2590	2945	0
4624	5074	4125	4189	2601	3466	2517	3353	0
4622	5071	4123	4191	2567	3691	2496	3577	0
4624	5072	4127	4191	2649	3447	2597	3280	0
4624	5073	4133	4188	2797	3337	2721	3203	0
4621	5073	4132	4190	3056	3534	2982	3467	0
4621	5072	4130	4192	3340	3850	3291	3782	0
4621	5072	4132	4190	3418	4072	3341	4047	0
4621	5073	4132	4190	3150	3845	3107	3826	0
4620	5074	4130	4192	2982	3708	2976	3533	0
4621	5073	4130	4191	3189	3907	3119	3698	0
4622	5073	4128	4191	3191	3869	3065	3803	0
4623	5074	4128	4192	3056	3693	2953	3699	0
4623	5075	4133	4190	3277	3806	3272	3786	0
4622	5074	4139	4189	3520	4141	3549	4100	0
4623	5073	4137	4191	3556	4292	3514	4268	0
4623	5073	4134	4192	3543	4044	3478	4043	0
4622	5073	4134	4192	3268	3602	3240	3538	0
4621	5073	4133	4192	3073	3588	3084	3436	0
4621	5073	4135	4191	3549	4114	3565	4025	0
4619	5075	4138	4191	3895	4311	3870	4338	0
4620	5076	4135	4190	3480	3924	3425	3922	0
4621	5073	4132	4189	3126	3724	3091	3592	0
4623	5072	4132	4192	3198	3848	3196	3685	0
4622	5074	4131	4193	3319	3980	3297	3904	0
4621	5073	4129	4189	3428	4052	3384	4062	0
4621	5072	4132	4189	3373	3963	3342	3927	0
4621	5072	4134	4192	3158	3854	3134	3693	0
4621	5073	4131	4192	3221	3906	3200	3732	0
4621	5074	4130	4190	3511	4013	3477	3951	0
4622	5074	4132	4191	3555	3992	3509	4004	0
4624	5074	4134	4192	3325	3927	3294	3895	0
4623	5074	4137	4190	3244	4030	3218	3974	0
4622	5075	4136	4190	3511	4128	3464	4091	0
4622	5075	4132	4193	3849	4098	3814	4076	0
4620	5072	4137	4193	3875	4085	3858	4103	0
4621	5070	4143	4191	3587	4103	3565	4118	0
4622	5070	4140	4190	3417	4101	3417	4068	0
4620	5071	4133	4190	3530	4128	3514	4102	0
4618	5073	4132	4191	3505	4004	3426	3998	0
4621	5073	4133	4192	3234	3712	3177	3606	0
4622	5072	4133	4192	3032	3661	3024	3472	0
4622	5071	4129	4190	3023	3824	2999	3723	0
4622	5072	4129	4191	3109	3974	3061	3955	0
4623	5075	4133	4191	3068	3859	3004	3810	0
4623	5074	4132	4190	2952	3454	2894	3362	0
4623	5072	4130	4190	3007	3427	2976	3329	0
4622	5072	4128	4191	3097	3806	3083	3728	0
4623	5072	4127	4192	3039	3965	3011	3927	0
4623	5074	4129	4191	2907	3726	2864	3686	0
4620	5074	4132	4189	2879	3481	2853	3350	0
4621	5072	4131	4190	3057	3605	2992	3465	0
4622	5073	4128	4192	3212	3804	3089	3756	0
4620	5072	4126	4191	3068	3820	2989	3727	0
4620	5070	4127	4189	2754	3575	2715	3381	0
4622	5070	4130	4190	2613	3106	2569	2968	0
4621	5073	4127	4192	2612	3165	2560	3081	0
4621	5073	4121	4192	2550	3587	2486	3470	0
4622	5071	4123	4192	2527	3373	2474	3313	0
4623	5072	4127	4192	2562	2958	2501	2923	0
4621	5073	4128	4191	2589	3133	2515	2976	0
4621	5074	4126	4190	2603	3562	2548	3373	0
4624	5074	4123	4189	2552	3574	2497	3479	0
4624	5073	4123	4190	2547	3168	2477	3145	0
4623	5071	4127	4191	2594	2965	2518	2887	0
4622	5071	4125	4190	2576	3311	2509	3098	0
4621	5074	4121	4192	2545	3737	2488	3511	0
4622	5075	4124	4193	2568	3564	2508	3486	0
4620	5072	4127	4191	2593	3024	2521	3013	0
4620	5072	4122	4190	2525	2928	2452	2844	0
4620	5074	4118	4188	2446	3398	2390	3285	0
4619	5072	4123	4189	2488	3688	2440	3550	0
4620	5072	4127	4191	2547	3378	2490	3215	0
4622	5073	4127	4191	2604	3124	2522	2993	0
4622	5073	4127	4191	2782	3326	2702	3236	0
4623	5073	4125	4190	2935	3709	2867	3624	0
4623	5075	4125	4190	2923	3871	2849	3755	0
4622	5077	4130	4191	2850	3631	2824	3462	0
4624	5074	4130	4191	2857	3552	2858	3330	0
4624	5071	4127	4191	2975	3751	2922	3603	0
4619	5073	4126	4191	3057	3808	2953	3749	0
4620	5073	4128	4191	3022	3725	2929	3629	0
4624	5072	4132	4192	2912	3607	2876	3424	0
4623	5073	4129	4192	2862	3623	2854	3400	0
4621	5072	4124	4189	2884	3851	2836	3678	0
4620	5072	4125	4188	2773	3777	2684	3675	0
4620	5071	4127	4190	2606	3178	2540	3143	0
4622	5071	4125	4191	2556	2950	2494	2869	0
4622	5071	4127	4190	2567	3367	2488	3143	0
4621	5072	4124	4190	2534	3689	2476	3446	0
4621	5073	4118	4191	2435	3492	2384	3386	0
4621	5074	4121	4190	2478	3096	2417	3053	0
4622	5075	4129	4191	2738	3140	2657	3032	0
4622	5074	4126	4191	2848	3580	2763	3472	0
4621	5073	4121	4191	2710	3886	2647	3767	0
4621	5073	4125	4191	2617	3583	2557	3434	0
4619	5073	4129	4192	2622	2993	2543	2904	0
4620	5073	4125	4190	2553	2993	2486	2933	0
4625	5073	4120	4191	2481	3525	2433	3416	0
4623	5076	4121	4192	2570	3696	2507	3565	0
4618	5078	4127	4191	2698	3378	2658	3232	0
4621	5073	4127	4190	2751	3342	2742	3147	0
4625	5071	4126	4191	2793	3625	2749	3469	0
4622	5075	4126	4192	2815	3715	2733	3629	0
4621	5072	4126	4192	2799	3553	2725	3474	0
4624	5069	4126	4191	2760	3345	2703	3218	0
4622	5071	4126	4189	2706	3426	2656	3207	0
4621	5073	4125	4189	2694	3688	2652	3483	0
4622	5072	4127	4190	2752	3703	2688	3609	0
4620	5073	4131	4190	2835	3485	2744	3411	0
4622	5074	4131	4192	2910	3416	2863	3280	0
4624	5072	4127	4191	2916	3673	2918	3564	0
4621	5070	4125	4191	2846	3935	2813	3891	0
4618	5071	4125	4191	2772	3719	2694	3672	0
4621	5071	4127	4190	2756	3230	2692	3145	0
4624	5072	4128	4192	2773	3202	2702	3082	0
4622	5072	4125	4191	2780	3629	2685	3520	0
4620	5071	4124	4190	2734	3878	2662	3748	0
4621	5071	4127	4190	2585	3570	2528	3406	0
4621	5074	4128	4191	2546	3072	2475	2944	0
4619	5074	4123	4191	2621	3222	2543	3111	0
4619	5073	4120	4189	2497	3536	2439	3430	0
4620	5073	4121	4189	2287	3222	2255	3165	0
4621	5074	4121	4190	2240	2785	2202	2736	0
4621	5072	4123	4190	2293	2676	2238	2595	0
4621	5070	4120	4189	2243	2954	2203	2869	0
4620	5072	4116	4189	2189	3310	2176	3215	0
4618	5074	4120	4190	2319	3259	2291	3162	0
4617	5072	4124	4190	2380	2899	2321	2823	0
4617	5072	4119	4188	2290	2741	2231	2647	0
4618	5074	4112	4188	2142	3062	2115	2861	0
4619	5073	4113	4191	1961	3206	1963	2972	0
4621	5071	4116	4191	2003	2828	1989	2751	0
4622	5072	4115	4189	2127	2581	2094	2588	0
4620	5071	4112	4189	2046	2694	2027	2579	0
4617	5071	4111	4189	1928	2874	1920	2640	0
4618	5073	4113	4190	1862	2827	1857	2636	0
4619	5074	4112	4189	1846	2432	1845	2401	0
4619	5073	4111	4188	1976	2376	1968	2381	0
4620	5071	4112	4191	2160	3096	2143	2943	0
4620	5071	4113	4192	2194	3503	2179	3267	0
4620	5074	4114	4190	2166	2986	2139	2861	0
4619	5073	4120	4189	2226	2631	2181	2582	0
4620	5071	4121	4190	2241	2932	2211	2849	0
4620	5073	4118	4191	2137	3271	2129	3158	0
4619	5073	4120	4190	2152	3310	2136	3199	0
4618	5072	4120	4189	2320	2975	2275	2896	0
4619	5073	4120	4191	2351	2717	2296	2637	0
4622	5074	4121	4192	2191	3009	2160	2888	0
4622	5073	4117	4191	2055	3274	2043	3157	0
4618	5072	4114	4190	2089	3030	2062	2961	0
4619	5074	4117	4191	2117	2626	2077	2574	0
4620	5073	4118	4189	2089	2621	2061	2515	0
4619	5073	4116	4190	2093	3112	2080	2907	0
4620	5073	4115	4190	2010	3258	2006	3045	0
4620	5071	4112	4190	1936	2702	1930	2651	0
4622	5071	4112	4189	1993	2419	1980	2433	0
4623	5072	4115	4187	2009	2693	1999	2568	0
4620	5072	4112	4190	1868	2815	1872	2586	0
4618	5073	4107	4192	1735	2639	1750	2455	0
4619	5072	4108	4189	1828	2454	1837	2410	0
4622	5072	4112	4188	2010	2530	2004	2523	0
4622	5073	4112	4190	2063	3038	2061	2841	0
4623	5071	4112	4191	2049	3385	2053	3056	0
4623	5071	4114	4191	2076	2975	2057	2803	0
4621	5072	4116	4190	2100	2515	2063	2493	0
4619	5071	4116	4190	2060	2772	2046	2689	0
4619	5072	4114	4194	1975	3158	1986	3022	0
4619	5074	4112	4193	1944	3046	1942	2922	0
4618	5072	4113	4189	2013	2632	1985	2554	0
4617	5070	4112	4189	2022	2377	2002	2349	0
4619	5071	4110	4190	1830	2634	1846	2461	0
4619	5069	4108	4189	1674	2928	1702	2645	0
4618	5070	4109	4190	1785	2733	1792	2618	0
4619	5073	4112	4190	1900	2406	1892	2434	0
4618	5072	4111	4190	1808	2287	1809	2237	0
4618	5071	4104	4189	1641	2385	1665	2214	0
4621	5072	4101	4189	1550	2492	1581	2311	0
4622	5071	4104	4191	1628	2388	1635	2320	0
4622	5071	4105	4192	1714	2241	1713	2244	0
4621	5073	4105	4191	1706	2394	1718	2270	0
4618	5073	4109	4190	1730	2702	1743	2459	0
4617	5073	4111	4189	1727	2640	1743	2456	0
4620	5072	4110	4190	1728	2358	1749	2313	0
4622	5074	4109	4192	1837	2443	1851	2424	0
4622	5074	4110	4190	1893	2852	1897	2649	0
4620	5071	4111	4189	1820	3003	1823	2665	0
4621	5072	4113	4190	1764	2584	1770	2396	0
4620	5073	4112	4191	1750	2150	1760	2168	0
4618	5071	4106	4191	1612	2318	1639	2197	0
4621	5072	4104	4191	1475	2633	1511	2252	0
4621	5073	4106	4189	1530	2503	1556	2200	0
4621	5070	4102	4188	1541	2096	1570	2060	0
4621	5070	4102	4188	1486	1957	1526	1969	0
4621	5074	4105	4191	1555	2363	1582	2144	0
4622	5074	4104	4191	1607	2761	1632	2421	0
4621	5071	4106	4187	1628	2648	1660	2466	0
4621	5070	4107	4188	1724	2289	1738	2293	0
4620	5070	4106	4188	1722	2197	1737	2164	0
4620	5070	4106	4188	1601	2427	1640	2221	0
4620	5073	4106	4190	1569	2592	1602	2364	0
4618	5072	4104	4192	1657	2482	1666	2396	0
4621	5071	4106	4190	1767	2309	1773	2316	0
4620	5072	4106	4189	1807	2591	1818	2428	0
4619	5073	4106	4191	1814	3001	1825	2667	0
4622	5072	4110	4192	1855	2855	1863	2631	0
4623	5072	4112	4191	1900	2533	1908	2469	0
4622	5075	4113	4190	1983	2589	1990	2543	0
4622	5074	4113	4190	2046	3141	2055	2954	0
4621	5070	4114	4191	2100	3557	2105	3268	0
4620	5070	4116	4191	2198	3138	2183	2955	0
4618	5073	4116	4190	2211	2681	2186	2596	0
4618	5072	4115	4192	2177	2951	2165	2837	0
4620	5071	4116	4192	2163	3408	2162	3253	0
4620	5072	4122	4190	2169	3384	2161	3249	0
4620	5073	4122	4190	2217	2944	2196	2837	0
4621	5073	4118	4191	2266	2867	2234	2702	0
4622	5071	4119	4190	2245	3301	2222	3097	0
4620	5072	4119	4191	2170	3448	2172	3308	0
4617	5073	4117	4192	2150	3119	2143	3018	0
4620	5074	4116	4192	2124	2808	2096	2695	0
4620	5072	4114	4191	2039	2744	2032	2597	0
4618	5071	4113	4191	1886	2964	1905	2674	0
4618	5071	4113	4190	1733	3009	1746	2677	0
4620	5069	4109	4188	1765	2568	1768	2473	0
4622	5069	4106	4190	1782	2340	1797	2338	0
4620	5072	4105	4191	1663	2470	1690	2307	0
4619	5072	4103	4189	1592	2524	1623	2283	0
4622	5071	4103	4189	1599	2482	1632	2293	0
4622	5073	4108	4191	1688	2395	1714	2320	0
4622	5076	4110	4191	1755	2481	1780	2417	0
4623	5075	4108	4188	1688	2722	1716	2481	0
4622	5072	4106	4188	1616	2718	1637	2404	0
4620	5073	4103	4190	1617	2389	1636	2232	0
4620	5074	4104	4191	1664	2211	1687	2171	0
4618	5072	4107	4192	1687	2458	1715	2353	0
4619	5071	4107	4190	1643	2934	1684	2676	0
4622	5072	4108	4188	1763	3112	1792	2847	0
4621	5073	4114	4189	2080	2764	2067	2650	0
4617	5072	4115	4190	2192	2792	2165	2654	0
4619	5072	4113	4191	2181	3325	2171	3093	0
4622	5073	4115	4191	2241	3507	2243	3348	0
4620	5073	4122	4190	2265	3271	2257	3180	0
4620	5072	4121	4190	2355	2998	2315	2857	0
4620	5071	4117	4191	2444	3259	2397	2977	0
4619	5073	4121	4192	2347	3742	2332	3430	0
4620	5074	4120	4189	2223	3561	2219	3401	0
4621	5073	4114	4187	2216	2992	2193	2916	0
4621	5075	4115	4189	2226	2869	2197	2723	0
4622	5074	4117	4191	2183	3323	2174	3063	0
4621	5070	4114	4190	2178	3691	2183	3327	0
4620	5070	4114	4192	2217	3429	2206	3113	0
4621	5071	4121	4193	2307	2978	2273	2846	0
4622	5071	4122	4191	2367	3093	2328	2972	0
4620	5072	4115	4188	2234	3420	2223	3186	0
4620	5072	4110	4189	2034	3313	2052	3068	0
4620	5073	4112	4189	1902	2872	1915	2700	0
4618	5072	4114	4188	1943	2594	1933	2478	0
4620	5070	4114	4188	2113	2905	2107	2785	0
4623	5072	4112	4189	2122	3396	2137	3233	0
4619	5074	4111	4191	2054	3316	2061	3165	0
4617	5072	4113	4191	2125	2866	2105	2739	0
4621	5070	4120	4188	2235	2916	2205	2715	0
4622	5072	4122	4189	2282	3410	2265	3175	0
4620	5073	4118	4193	2268	3578	2272	3409	0
4621	5072	4119	4191	2269	3294	2265	3192	0
4624	5073	4122	4190	2414	3061	2376	2922	0
4621	5075	4122	4191	2541	3414	2497	3106	0
4621	5073	4120	4191	2399	3826	2386	3492	0
4622	5072	4117	4190	2196	3562	2197	3411	0
4620	5075	4120	4190	2256	3122	2229	3026	0
4620	5076	4120	4190	2477	3124	2422	2935	0
4622	5072	4118	4190	2528	3496	2493	3300	0
4623	5070	4121	4189	2358	3861	2361	3624	0
4620	5072	4121	4189	2195	3577	2192	3288	0
4617	5071	4114	4189	2167	2750	2143	2643	0
4618	5072	4113	4189	2013	2649	2014	2600	0
4621	5075	4113	4189	1800	3164	1829	2871	0
4621	5074	4109	4188	1816	3175	1832	2786	0
4620	5074	4109	4188	1843	2729	1845	2528	0
4620	5073	4109	4189	1834	2454	1845	2385	0
4620	5072	4110	4191	1878	2758	1897	2621	0
4618	5072	4110	4192	1841	3201	1871	3015	0
4620	5072	4107	4190	1827	3065	1851	2946	0
4621	5071	4108	4189	1925	2622	1925	2527	0
4621	5069	4113	4189	2005	2698	2000	2518	0
4623	5070	4114	4190	2023	3163	2029	2954	0
4623	5071	4112	4192	2041	3367	2052	3207	0
4620	5073	4116	4192	2144	3272	2140	3140	0
4619	5074	4119	4191	2308	3045	2277	2887	0
4621	5073	4118	4190	2324	3208	2286	2913	0
4621	5072	4120	4191	2248	3684	2232	3355	0
4620	5074	4120	4190	2257	3587	2250	3424	0
4619	5073	4120	4189	2288	3073	2263	2996	0
4619	5071	4118	4189	2272	2941	2236	2785	0
4620	5071	4115	4188	2195	3316	2179	3036	0
