NUMPOLLIES 44

// Floor 1
0
-3.0  0.0 -3.0 0.0 6.0
-3.0  0.0  3.0 0.0 0.0
 3.0  0.0  3.0 6.0 0.0
 3.0  0.0 -3.0 6.0 6.0
-3.0  0.0 -3.0 0.0 6.0
 3.0  0.0  3.0 6.0 0.0

// Ceiling 1
0
-3.0  1.0 -3.0 0.0 6.0
-3.0  1.0  3.0 0.0 0.0
 3.0  1.0  3.0 6.0 0.0
 3.0  1.0 -3.0 6.0 6.0
-3.0  1.0 -3.0 0.0 6.0
 3.0  1.0  3.0 6.0 0.0

// A1
1
//1
-2.0  1.0  -2.0 0.0 1.0
-2.0  0.0  -2.0 0.0 0.0
-0.5  0.0  -2.0 1.5 0.0
-0.5  1.0  -2.0 1.5 1.0
-2.0  1.0  -2.0 0.0 1.0
-0.5  0.0  -2.0 1.5 0.0

// A2
1
//1
 2.0  1.0  -2.0 2.0 1.0
 2.0  0.0  -2.0 2.0 0.0
 0.5  0.0  -2.0 0.5 0.0
 0.5  1.0  -2.0 0.5 1.0
 2.0  1.0  -2.0 2.0 1.0
 0.5  0.0  -2.0 0.5 0.0

// B1
1
//2
-2.0  1.0   2.0 2.0 1.0
-2.0  0.0   2.0 2.0 0.0
-0.5  0.0   2.0 0.5 0.0
-0.5  1.0   2.0 0.5 1.0
-2.0  1.0   2.0 2.0 1.0
-0.5  0.0   2.0 0.5 0.0

// B2
1
//2
 2.0  1.0   2.0 2.0 1.0
 2.0  0.0   2.0 2.0 0.0
 0.5  0.0   2.0 0.5 0.0
 0.5  1.0   2.0 0.5 1.0
 2.0  1.0   2.0 2.0 1.0
 0.5  0.0   2.0 0.5 0.0

// C1
1
//3
-2.0  1.0   -2.0 0.0 1.0
-2.0  0.0   -2.0 0.0 0.0
-2.0  0.0   -0.5 1.5 0.0
-2.0  1.0   -0.5 1.5 1.0
-2.0  1.0   -2.0 0.0 1.0
-2.0  0.0   -0.5 1.5 0.0

// C2
1
//3
-2.0  1.0   2.0 2.0 1.0
-2.0  0.0   2.0 2.0 0.0
-2.0  0.0   0.5 0.5 0.0
-2.0  1.0   0.5 0.5 1.0
-2.0  1.0   2.0 2.0 1.0
-2.0  0.0   0.5 0.5 0.0

// D1
1
//4
2.0  1.0   -2.0 0.0 1.0
2.0  0.0   -2.0 0.0 0.0
2.0  0.0   -0.5 1.5 0.0
2.0  1.0   -0.5 1.5 1.0
2.0  1.0   -2.0 0.0 1.0
2.0  0.0   -0.5 1.5 0.0

// D2
1
//4
2.0  1.0   2.0 2.0 1.0
2.0  0.0   2.0 2.0 0.0
2.0  0.0   0.5 0.5 0.0
2.0  1.0   0.5 0.5 1.0
2.0  1.0   2.0 2.0 1.0
2.0  0.0   0.5 0.5 0.0

// Upper hallway - L
1
//0
-0.5  1.0   -3.0 0.0 1.0
-0.5  0.0   -3.0 0.0 0.0
-0.5  0.0   -2.0 1.0 0.0
-0.5  1.0   -2.0 1.0 1.0
-0.5  1.0   -3.0 0.0 1.0
-0.5  0.0   -2.0 1.0 0.0

// Upper hallway - R
1
//0
0.5  1.0   -3.0 0.0 1.0
0.5  0.0   -3.0 0.0 0.0
0.5  0.0   -2.0 1.0 0.0
0.5  1.0   -2.0 1.0 1.0
0.5  1.0   -3.0 0.0 1.0
0.5  0.0   -2.0 1.0 0.0

// Lower hallway - L
1
//0
-0.5  1.0   3.0 0.0 1.0
-0.5  0.0   3.0 0.0 0.0
-0.5  0.0   2.0 1.0 0.0
-0.5  1.0   2.0 1.0 1.0
-0.5  1.0   3.0 0.0 1.0
-0.5  0.0   2.0 1.0 0.0

// Lower hallway - R
1
//0
0.5  1.0   3.0 0.0 1.0
0.5  0.0   3.0 0.0 0.0
0.5  0.0   2.0 1.0 0.0
0.5  1.0   2.0 1.0 1.0
0.5  1.0   3.0 0.0 1.0
0.5  0.0   2.0 1.0 0.0


// Left hallway - Lw
1
//0
-3.0  1.0   0.5 1.0 1.0
-3.0  0.0   0.5 1.0 0.0
-2.0  0.0   0.5 0.0 0.0
-2.0  1.0   0.5 0.0 1.0
-3.0  1.0   0.5 1.0 1.0
-2.0  0.0   0.5 0.0 0.0

// Left hallway - Hi
1
//0
-3.0  1.0   -0.5 1.0 1.0
-3.0  0.0   -0.5 1.0 0.0
-2.0  0.0   -0.5 0.0 0.0
-2.0  1.0   -0.5 0.0 1.0
-3.0  1.0   -0.5 1.0 1.0
-2.0  0.0   -0.5 0.0 0.0

// Right hallway - Lw
1
//0
3.0  1.0   0.5 1.0 1.0
3.0  0.0   0.5 1.0 0.0
2.0  0.0   0.5 0.0 0.0
2.0  1.0   0.5 0.0 1.0
3.0  1.0   0.5 1.0 1.0
2.0  0.0   0.5 0.0 0.0

// Right hallway - Hi
1
//0
3.0  1.0   -0.5 1.0 1.0
3.0  0.0   -0.5 1.0 0.0
2.0  0.0   -0.5 0.0 0.0
2.0  1.0   -0.5 0.0 1.0
3.0  1.0   -0.5 1.0 1.0
2.0  0.0   -0.5 0.0 0.0


// Upper
2
//5
3.0  1.0   -0.5 0.0 1.0
3.0  0.0   -0.5 0.0 0.0
3.0  0.0    0.5 1.0 0.0
3.0  1.0   -0.5 0.0 1.0
3.0  1.0    0.5 1.0 1.0
3.0  0.0    0.5 1.0 0.0

// Lower
2
//5
-3.0  1.0   -0.5 1.0 1.0
-3.0  0.0   -0.5 1.0 0.0
-3.0  0.0    0.5 0.0 0.0
-3.0  1.0   -0.5 1.0 1.0
-3.0  1.0    0.5 0.0 1.0
-3.0  0.0    0.5 0.0 0.0

// Left
2
//5
-0.5  1.0 3.0  1.0 1.0
-0.5  0.0 3.0  1.0 0.0
 0.5  0.0 3.0  0.0 0.0
-0.5  1.0 3.0  1.0 1.0
 0.5  1.0 3.0  0.0 1.0
 0.5  0.0 3.0  0.0 0.0

// Right
2
//5
-0.5  1.0 -3.0  0.0 1.0
-0.5  0.0 -3.0  0.0 0.0
 0.5  0.0 -3.0  1.0 0.0
-0.5  1.0 -3.0  0.0 1.0
 0.5  1.0 -3.0  1.0 1.0
 0.5  0.0 -3.0  1.0 0.0
