0	0	0	0	0	0	0	0	1
4657	5043	4159	4197	4273	4033	4184	4668	1
4664	5052	4163	4208	4277	4035	4192	4667	1
4661	5047	4168	4203	4283	4038	4197	4670	1
4647	5034	4164	4189	4280	4036	4200	4673	1
4642	5035	4159	4191	4260	4035	4192	4668	1
4647	5042	4160	4198	4249	4033	4179	4661	1
4637	5037	4154	4187	4253	4030	4175	4658	1
4617	5029	4146	4179	4252	4031	4178	4662	1
4622	5029	4145	4184	4250	4032	4180	4662	1
4641	5034	4149	4186	4261	4032	4182	4662	1
4641	5035	4149	4187	4272	4033	4186	4665	1
4626	5029	4145	4185	4270	4032	4186	4668	1
4620	5032	4145	4182	4262	4030	4183	4665	1
4636	5042	4155	4193	4279	4034	4194	4670	1
4653	5045	4167	4206	4304	4037	4204	4677	1
4630	5035	4154	4194	4279	4033	4187	4669	1
4598	5033	4137	4178	4231	4031	4166	4659	1
4613	5043	4144	4189	4230	4033	4169	4661	1
4631	5044	4155	4194	4259	4035	4183	4663	1
4609	5032	4148	4182	4261	4033	4181	4659	1
4603	5029	4145	4180	4256	4033	4177	4664	1
4624	5034	4152	4189	4271	4036	4187	4671	1
4620	5032	4148	4186	4267	4033	4187	4668	1
4604	5026	4143	4179	4249	4032	4175	4663	1
4626	5037	4152	4188	4257	4036	4180	4668	1
4652	5052	4163	4203	4285	4036	4197	4675	1
4647	5051	4161	4204	4288	4037	4197	4672	1
4635	5046	4157	4197	4280	4038	4190	4670	1
4646	5048	4165	4201	4292	4040	4200	4676	1
4647	5045	4167	4203	4297	4037	4205	4676	1
4629	5041	4158	4194	4272	4033	4189	4667	1
4628	5042	4156	4194	4264	4035	4184	4667	1
4638	5041	4158	4195	4281	4037	4192	4672	1
4641	5036	4152	4188	4275	4034	4186	4670	1
4637	5033	4145	4183	4251	4032	4174	4664	1
4624	5030	4140	4184	4245	4033	4175	4665	1
4606	5028	4135	4181	4246	4035	4180	4669	1
4610	5022	4135	4177	4241	4032	4173	4667	1
4630	5027	4141	4184	4263	4031	4177	4667	1
4624	5038	4147	4193	4280	4036	4190	4672	1
4605	5037	4143	4189	4253	4034	4182	4670	1
4617	5031	4144	4185	4255	4029	4180	4670	1
4628	5030	4148	4187	4281	4032	4192	4673	1
4611	5030	4143	4185	4259	4034	4182	4667	1
4614	5035	4145	4187	4247	4036	4175	4665	1
4638	5044	4159	4196	4281	4035	4194	4675	1
4638	5043	4164	4200	4282	4032	4196	4675	1
4624	5040	4158	4196	4255	4031	4184	4668	1
4617	5023	4160	4187	4272	4044	4200	4677	1
4624	5023	4156	4192	4265	4042	4194	4676	1
4636	5024	4158	4191	4273	4040	4195	4676	1
4628	5023	4154	4182	4269	4040	4193	4675	1
4628	5031	4154	4189	4252	4040	4185	4671	1
4641	5044	4160	4201	4249	4040	4184	4672	1
4638	5046	4162	4202	4263	4040	4194	4677	1
4627	5036	4162	4193	4282	4042	4203	4681	1
4627	5032	4158	4189	4283	4040	4198	4680	1
4641	5035	4161	4197	4272	4038	4191	4676	1
4658	5044	4172	4206	4288	4043	4204	4681	1
4654	5048	4171	4202	4303	4043	4215	4685	1
4625	5041	4153	4192	4262	4041	4195	4678	1
4610	5036	4147	4191	4228	4040	4176	4669	1
4624	5037	4154	4192	4260	4040	4189	4672	1
4633	5036	4157	4192	4280	4040	4198	4676	1
4626	5038	4154	4196	4254	4040	4184	4672	1
4625	5042	4152	4201	4249	4038	4181	4669	1
4637	5036	4153	4199	4278	4038	4194	4671	1
4637	5029	4153	4191	4292	4040	4198	4676	1
4617	5025	4147	4187	4272	4038	4190	4674	1
4601	5022	4136	4183	4247	4035	4178	4666	1
4607	5024	4142	4183	4257	4039	4182	4668	1
4621	5024	4153	4188	4280	4042	4194	4674	1
4626	5024	4157	4197	4279	4039	4195	4670	1
4616	5022	4151	4191	4276	4036	4188	4669	1
4596	5012	4137	4177	4265	4035	4177	4668	1
4588	5010	4133	4180	4241	4038	4172	4664	1
4591	5021	4136	4187	4233	4038	4173	4662	1
4582	5020	4133	4184	4232	4036	4167	4660	1
4572	5009	4129	4180	4225	4035	4165	4659	1
4583	5013	4140	4186	4241	4037	4178	4666	1
4592	5012	4148	4188	4268	4040	4190	4672	1
4579	4997	4135	4175	4261	4041	4181	4669	1
4571	4993	4125	4163	4245	4039	4172	4667	1
4583	5001	4137	4173	4247	4037	4180	4666	1
4587	5000	4145	4184	4250	4037	4183	4664	1
4578	4995	4133	4179	4236	4037	4172	4660	1
4578	5006	4133	4180	4223	4033	4169	4657	1
4573	5008	4138	4181	4231	4033	4174	4660	1
4552	4993	4125	4169	4241	4037	4175	4663	1
4541	4995	4117	4164	4227	4036	4169	4659	1
4551	5004	4123	4170	4212	4032	4160	4656	1
4568	4999	4128	4175	4230	4035	4166	4658	1
4571	5004	4131	4180	4237	4036	4176	4660	1
4575	5009	4135	4186	4244	4037	4187	4661	1
4583	5005	4138	4183	4254	4037	4185	4667	1
4579	5000	4143	4182	4276	4038	4195	4673	1
4564	5001	4138	4182	4253	4036	4188	4665	1
4571	5008	4138	4187	4222	4034	4175	4656	1
4576	5010	4147	4188	4236	4034	4184	4661	1
4555	4994	4138	4174	4245	4033	4185	4663	1
4564	5003	4140	4183	4236	4034	4185	4665	1
4602	5033	4168	4209	4268	4040	4216	4678	1
4609	5029	4171	4206	4296	4039	4230	4682	1
4593	5008	4148	4187	4270	4036	4206	4672	1
4583	5008	4140	4187	4243	4038	4187	4670	1
4579	5011	4140	4188	4248	4040	4188	4670	1
4578	5003	4142	4182	4256	4037	4190	4668	1
4581	5008	4155	4200	4245	4037	4194	4671	1
4585	5028	4163	4218	4240	4041	4197	4673	1
4597	5035	4158	4208	4252	4043	4193	4670	1
4587	5011	4138	4178	4245	4042	4177	4666	1
4560	4978	4115	4159	4222	4038	4158	4656	1
4584	4989	4141	4190	4252	4040	4180	4657	1
4638	5043	4196	4239	4304	4056	4234	4685	1
4618	5053	4171	4212	4269	4061	4216	4686	1
4570	5010	4117	4164	4220	4050	4160	4656	1
4617	5024	4165	4214	4276	4059	4197	4666	1
4650	5066	4207	4251	4317	4074	4246	4690	1
4575	5027	4137	4188	4246	4057	4187	4665	1
4545	4991	4109	4161	4205	4044	4152	4641	1
4627	5048	4187	4220	4286	4068	4233	4675	1
4657	5073	4205	4233	4336	4080	4265	4692	1
4608	5034	4156	4208	4283	4063	4209	4662	1
4612	5043	4168	4218	4262	4064	4206	4655	1
4628	5061	4185	4215	4285	4071	4227	4664	1
4598	5029	4146	4184	4262	4056	4195	4646	1
4591	5007	4128	4173	4247	4047	4181	4634	1
4625	5030	4163	4196	4293	4061	4223	4656	1
4625	5039	4173	4205	4298	4065	4232	4668	1
4593	5016	4142	4185	4249	4055	4194	4652	1
4581	5008	4132	4178	4238	4052	4187	4649	1
4571	5008	4132	4178	4235	4053	4192	4654	1
4577	5013	4132	4178	4214	4050	4183	4648	1
4638	5056	4183	4228	4263	4061	4220	4663	1
4663	5075	4218	4256	4315	4068	4260	4685	1
4607	5018	4154	4187	4265	4050	4213	4663	1
4581	4983	4111	4147	4233	4039	4171	4638	1
4608	5010	4148	4188	4267	4047	4199	4651	1
4619	5034	4168	4211	4280	4051	4224	4667	1
4612	5030	4155	4200	4260	4048	4215	4662	1
4606	5011	4145	4190	4233	4041	4196	4647	1
4600	4998	4132	4180	4209	4035	4178	4638	1
4597	5010	4135	4185	4217	4040	4183	4645	1
4588	5012	4138	4185	4245	4046	4196	4652	1
4606	5009	4145	4184	4264	4049	4203	4650	1
4629	5018	4154	4197	4259	4046	4200	4648	1
4590	5006	4133	4188	4224	4041	4177	4640	1
4577	5003	4133	4185	4236	4050	4188	4644	1
4632	5026	4171	4210	4299	4060	4231	4661	1
4647	5036	4179	4218	4296	4056	4229	4665	1
4612	5029	4158	4209	4242	4052	4202	4657	1
4608	5024	4156	4212	4231	4053	4201	4660	1
4623	5015	4157	4205	4260	4051	4205	4662	1
4628	5011	4152	4194	4280	4049	4204	4660	1
4640	5029	4166	4213	4287	4053	4216	4669	1
4639	5033	4172	4220	4275	4050	4218	4675	1
4602	5004	4141	4187	4243	4043	4189	4656	1
4579	4989	4125	4167	4238	4043	4179	4644	1
4603	5006	4147	4189	4265	4049	4201	4656	1
4618	5014	4158	4202	4266	4050	4207	4662	1
4607	5005	4147	4190	4237	4049	4191	4653	1
4603	5002	4141	4184	4238	4050	4190	4656	1
4617	5010	4150	4195	4274	4054	4209	4668	1
4627	5017	4160	4203	4276	4059	4210	4668	1
4612	5014	4150	4195	4237	4054	4188	4660	1
4596	5003	4137	4186	4230	4049	4180	4655	1
4593	4990	4135	4180	4253	4052	4188	4655	1
4600	4992	4137	4181	4249	4054	4190	4660	1
4607	5009	4143	4196	4233	4054	4189	4662	1
4618	5013	4152	4203	4243	4055	4196	4662	1
4614	5003	4150	4191	4249	4055	4194	4662	1
4590	5002	4138	4183	4237	4053	4187	4661	1
4595	5010	4144	4191	4247	4055	4200	4664	1
4625	5011	4157	4196	4268	4057	4211	4668	1
4620	5004	4150	4186	4255	4054	4200	4664	1
4587	4992	4133	4172	4235	4053	4188	4658	1
4593	4988	4135	4173	4246	4055	4196	4662	1
4630	5000	4152	4186	4275	4055	4211	4674	1
4637	5012	4158	4196	4275	4053	4211	4677	1
4615	5012	4151	4197	4235	4052	4192	4665	1
4598	5003	4141	4189	4213	4054	4180	4659	1
4598	4988	4137	4178	4231	4053	4187	4661	1
4598	4982	4141	4179	4245	4051	4192	4663	1
4596	4992	4138	4184	4230	4053	4184	4663	1
4606	5001	4138	4183	4234	4056	4186	4664	1
4614	4996	4147	4183	4261	4055	4201	4667	1
4599	4993	4146	4184	4251	4053	4199	4668	1
4592	5000	4141	4185	4229	4055	4190	4671	1
4613	5004	4153	4192	4242	4055	4197	4673	1
4620	5001	4160	4196	4256	4053	4202	4669	1
4611	4997	4152	4190	4243	4053	4196	4663	1
4612	4997	4146	4187	4229	4049	4189	4662	1
4606	4996	4146	4185	4224	4045	4185	4663	1
4593	5000	4146	4188	4224	4048	4187	4664	1
4596	5001	4148	4193	4238	4053	4196	4670	1
4604	4992	4145	4190	4241	4051	4191	4669	1
4607	4995	4144	4188	4223	4048	4181	4662	1
4620	5009	4161	4198	4255	4055	4203	4672	1
4631	5008	4168	4204	4297	4061	4223	4684	1
4613	5004	4150	4196	4250	4055	4201	4674	1
4589	5010	4140	4189	4189	4051	4171	4666	1
4596	5009	4147	4192	4212	4052	4178	4671	1
4609	4998	4146	4193	4245	4051	4192	4668	1
4608	5001	4143	4190	4235	4051	4185	4664	1
4618	5011	4154	4196	4240	4054	4185	4673	1
4626	5012	4157	4204	4257	4054	4195	4677	1
4612	5007	4147	4194	4255	4053	4196	4674	1
4602	5001	4141	4182	4245	4053	4190	4671	1
4615	5005	4147	4192	4246	4054	4194	4671	1
4637	5017	4161	4204	4258	4053	4205	4675	1
4651	5014	4157	4201	4254	4049	4199	4671	1
4646	5000	4145	4190	4235	4046	4182	4664	1
4625	4998	4138	4186	4227	4046	4177	4664	1
4613	5005	4135	4189	4226	4050	4179	4670	1
4637	5015	4146	4198	4238	4050	4183	4672	1
4669	5020	4165	4205	4264	4049	4200	4676	1
4653	5012	4164	4197	4258	4052	4205	4677	1
4622	4996	4147	4181	4231	4051	4189	4670	1
4638	4993	4151	4183	4247	4049	4190	4670	1
4657	5005	4157	4196	4263	4049	4201	4677	1
4635	5006	4142	4191	4228	4049	4184	4672	1
4632	4997	4136	4182	4216	4049	4172	4664	1
4656	5000	4150	4188	4246	4048	4185	4670	1
4653	5008	4154	4198	4246	4047	4192	4678	1
4641	5011	4148	4197	4229	4050	4186	4676	1
4649	5016	4155	4198	4241	4055	4188	4675	1
4649	5016	4157	4202	4249	4055	4193	4678	1
4637	5006	4145	4196	4238	4052	4187	4675	1
4645	5007	4147	4196	4242	4050	4185	4674	1
4656	5020	4158	4205	4249	4048	4188	4676	1
4646	5015	4147	4196	4235	4047	4179	4670	1
4630	4996	4130	4176	4221	4046	4168	4667	1
4633	5002	4140	4185	4229	4046	4178	4672	1
4657	5017	4160	4206	4257	4049	4196	4675	1
4656	5010	4156	4194	4265	4049	4194	4674	1
4632	5001	4138	4183	4236	4045	4175	4672	1
4634	5006	4144	4195	4231	4047	4174	4671	1
4655	5012	4160	4204	4261	4052	4192	4675	1
4652	5018	4158	4200	4258	4052	4195	4678	1
4644	5022	4157	4201	4243	4050	4190	4677	1
4654	5023	4167	4211	4257	4053	4200	4681	1
4659	5025	4168	4214	4255	4054	4201	4681	1
4652	5025	4163	4206	4240	4051	4191	4675	1
4644	5013	4160	4194	4250	4050	4190	4677	1
4654	5011	4165	4198	4263	4052	4198	4682	1
4667	5023	4170	4207	4258	4052	4200	4679	1
4649	5016	4157	4196	4243	4050	4186	4674	1
4633	5009	4145	4187	4229	4049	4175	4673	1
4655	5015	4153	4196	4244	4048	4186	4674	1
4675	5022	4170	4208	4262	4049	4197	4674	1
4664	5016	4171	4205	4250	4047	4191	4675	1
4644	5009	4159	4192	4242	4046	4186	4676	1
4633	5010	4152	4188	4245	4048	4185	4670	1
4632	5008	4148	4191	4234	4047	4178	4673	1
4637	5007	4147	4191	4232	4046	4176	4707	1
4651	5017	4161	4201	4253	4050	4192	4753	1
4663	5032	4175	4213	4263	4053	4208	4791	1
4657	5021	4167	4204	4254	4051	4201	4817	1
4642	5001	4147	4185	4241	4045	4177	4822	1
4640	5008	4145	4192	4229	4045	4172	4819	1
4659	5028	4164	4211	4249	4051	4196	4832	1
4671	5029	4173	4208	4277	4053	4211	4846	1
4658	5014	4162	4194	4261	4049	4196	4837	1
4636	5004	4147	4183	4227	4046	4180	4823	1
4632	5003	4147	4182	4231	4048	4187	4821	1
4654	5015	4164	4201	4256	4051	4202	4826	1
4668	5022	4174	4210	4258	4049	4198	4826	1
4662	5009	4165	4196	4253	4046	4189	4823	1
4656	5008	4159	4190	4253	4049	4190	4823	1
4661	5023	4164	4199	4247	4051	4190	4825	1
4654	5015	4158	4197	4243	4046	4185	4824	1
4641	5001	4149	4188	4244	4044	4187	4820	1
4638	5015	4152	4192	4242	4048	4193	4821	1
4642	5025	4155	4198	4233	4049	4191	4824	1
4645	5012	4154	4199	4236	4046	4185	4823	1
4640	5008	4151	4192	4241	4045	4184	4823	1
4635	5008	4146	4182	4243	4047	4185	4828	1
4646	5005	4150	4186	4254	4051	4189	4832	1
4658	5015	4158	4198	4253	4052	4190	4831	1
4656	5019	4157	4197	4242	4046	4186	4826	1
4642	5003	4151	4185	4233	4046	4183	4820	1
4634	5005	4153	4188	4233	4049	4186	4821	1
4645	5020	4165	4204	4249	4049	4197	4825	1
4650	5015	4164	4204	4254	4049	4197	4823	1
4638	5002	4148	4190	4237	4049	4187	4820	1
4641	5003	4148	4189	4243	4048	4190	4823	1
4651	5013	4157	4200	4253	4047	4194	4824	1
4641	5016	4149	4200	4229	4047	4179	4820	1
4644	5015	4147	4194	4223	4047	4173	4818	1
4659	5017	4162	4200	4252	4048	4189	4825	1
4648	5018	4164	4203	4247	4050	4190	4831	1
4640	5023	4156	4202	4224	4050	4183	4831	1
4650	5022	4159	4201	4245	4050	4193	4833	1
4645	5011	4160	4193	4264	4050	4197	4833	1
4635	5009	4150	4189	4236	4049	4182	4827	1
4643	5010	4147	4188	4224	4048	4182	4826	1
4656	5013	4157	4193	4258	4050	4203	4834	1
4660	5022	4162	4201	4265	4053	4203	4836	1
4656	5023	4154	4201	4243	4049	4189	4830	1
4658	5017	4155	4200	4255	4047	4194	4832	1
4671	5027	4170	4209	4274	4052	4211	4841	1
4677	5033	4176	4212	4261	4053	4208	4841	1
4673	5026	4170	4207	4242	4049	4197	4832	1
4667	5026	4169	4209	4250	4050	4201	4835	1
4650	5016	4159	4198	4255	4052	4200	4840	1
4628	4994	4138	4181	4229	4047	4176	4827	1
4640	5003	4142	4186	4225	4046	4173	4823	1
4670	5025	4165	4201	4258	4051	4197	4835	1
4663	5021	4164	4202	4251	4049	4192	4834	1
4625	4994	4132	4179	4206	4041	4155	4817	1
4623	4985	4122	4169	4214	4043	4157	4814	1
4654	5006	4152	4194	4249	4050	4191	4829	1
4662	5026	4166	4210	4245	4049	4197	4831	1
4641	5010	4144	4187	4226	4045	4181	4820	1
4626	4986	4130	4168	4222	4045	4175	4816	1
4630	4993	4139	4181	4227	4047	4177	4824	1
4638	5006	4142	4190	4236	4046	4178	4823	1
4645	5000	4140	4184	4244	4045	4180	4820	1
4647	4996	4144	4183	4233	4046	4176	4819	1
4648	5010	4146	4193	4222	4048	4174	4818	1
4644	5017	4142	4199	4225	4048	4174	4821	1
4628	5003	4137	4186	4216	4046	4167	4818	1
4623	4991	4133	4176	4201	4044	4161	4812	1
4633	4994	4134	4182	4211	4043	4166	4816	1
4635	5001	4138	4186	4228	4044	4174	4823	1
4636	5004	4144	4185	4231	4045	4179	4821	1
4645	5001	4146	4185	4235	4045	4183	4821	1
4641	5000	4141	4188	4237	4047	4184	4822	1
4635	5014	4143	4195	4228	4049	4181	4821	1
4650	5027	4157	4206	4228	4049	4185	4822	1
4664	5025	4163	4208	4246	4049	4195	4827	1
4665	5023	4162	4206	4259	4052	4199	4827	1
4669	5025	4163	4209	4256	4054	4194	4822	1
4665	5025	4160	4208	4251	4052	4194	4824	1
4648	5024	4151	4202	4248	4052	4196	4826	1
4646	5032	4153	4209	4244	4051	4191	4822	1
4661	5042	4168	4223	4246	4051	4194	4827	1
4662	5043	4170	4220	4250	4051	4200	4832	1
4653	5037	4161	4211	4247	4053	4195	4826	1
4660	5034	4161	4218	4247	4055	4194	4827	1
4667	5034	4168	4216	4257	4054	4205	4835	1
4663	5030	4168	4206	4255	4050	4205	4828	1
4657	5026	4163	4208	4237	4046	4189	4818	1
4643	5021	4153	4207	4229	4046	4180	4820	1
4643	5022	4152	4204	4244	4050	4190	4825	1
4668	5030	4169	4212	4267	4055	4209	4828	1
4665	5024	4170	4211	4260	4052	4204	4826	1
4634	5009	4152	4196	4229	4045	4185	4819	1
4639	5015	4152	4194	4234	4049	4190	4821	1
4662	5029	4167	4208	4260	4055	4205	4828	1
4651	5025	4162	4210	4245	4049	4194	4823	1
4645	5018	4159	4205	4234	4046	4188	4817	1
4657	5025	4168	4209	4255	4050	4198	4822	1
4650	5026	4163	4209	4251	4049	4195	4822	1
4648	5024	4162	4206	4236	4048	4189	4818	1
4658	5028	4167	4211	4239	4049	4192	4820	1
4651	5026	4156	4212	4242	4048	4191	4823	1
4638	5018	4145	4200	4249	4050	4191	4823	1
4647	5018	4152	4195	4262	4052	4195	4821	1
4654	5020	4159	4205	4261	4051	4196	4823	1
4636	5010	4146	4197	4231	4048	4181	4816	1
4620	5002	4133	4183	4212	4047	4169	4807	1
4625	5010	4141	4190	4227	4051	4178	4813	1
4632	5022	4146	4201	4227	4049	4180	4815	1
4628	5020	4141	4195	4209	4042	4165	4806	1
4630	5013	4143	4189	4222	4045	4171	4809	1
4642	5020	4153	4201	4255	4054	4193	4822	1
4648	5029	4157	4207	4255	4054	4194	4821	1
4646	5023	4154	4200	4241	4051	4186	4813	1
4635	5008	4146	4189	4240	4050	4182	4809	1
4633	5007	4147	4188	4241	4049	4183	4809	1
4648	5016	4158	4197	4242	4048	4191	4815	1
4643	5012	4156	4195	4243	4050	4193	4814	1
4630	5009	4150	4190	4241	4051	4189	4809	1
4648	5027	4162	4203	4252	4050	4196	4817	1
4655	5031	4166	4209	4257	4050	4201	4822	1
4622	5006	4140	4186	4226	4046	4181	4808	1
4605	4997	4125	4174	4203	4043	4165	4800	1
4622	5009	4134	4186	4220	4045	4170	4805	1
4633	5010	4145	4191	4233	4047	4176	4803	1
4631	5009	4149	4190	4226	4046	4178	4802	1
4628	5008	4144	4189	4224	4046	4175	4803	1
4628	5003	4136	4185	4234	4047	4175	4802	1
4633	5003	4140	4187	4237	4046	4180	4803	1
4633	5007	4142	4189	4231	4046	4179	4802	1
4636	5014	4144	4191	4235	4048	4182	4800	1
4643	5018	4153	4198	4248	4049	4191	4802	1
4628	5007	4148	4191	4234	4049	4183	4803	1
4614	5004	4136	4182	4216	4050	4173	4801	1
4630	5018	4143	4194	4226	4050	4182	4801	1
4636	5016	4144	4196	4232	4049	4180	4798	1
4624	5009	4135	4185	4226	4050	4171	4795	1
4635	5023	4147	4197	4245	4053	4189	4803	1
4648	5032	4157	4208	4260	4054	4203	4809	1
4637	5020	4150	4196	4241	4050	4187	4802	1
4637	5013	4151	4189	4236	4048	4182	4799	1
4634	5007	4148	4185	4238	4048	4186	4801	1
4620	5004	4130	4181	4217	4049	4172	4794	1
4629	5014	4136	4184	4233	4052	4177	4794	1
4641	5022	4154	4188	4264	4052	4198	4800	1
4630	5018	4146	4186	4237	4049	4189	4792	1
4625	5015	4137	4185	4208	4049	4170	4785	1
4625	5014	4143	4187	4220	4051	4172	4791	1
4615	5010	4141	4186	4227	4047	4178	4794	1
4617	5012	4138	4186	4225	4047	4177	4790	1
4624	5012	4140	4179	4218	4050	4171	4786	1
4614	5007	4132	4173	4209	4048	4167	4783	1
4610	5012	4132	4181	4223	4049	4177	4792	1
4617	5015	4136	4184	4238	4052	4185	4795	1
4625	5014	4139	4183	4241	4048	4185	4791	1
4644	5025	4155	4196	4261	4049	4201	4800	1
4651	5031	4161	4202	4264	4053	4205	4801	1
4630	5016	4141	4182	4238	4051	4183	4788	1
4631	5009	4142	4182	4246	4051	4183	4788	1
4646	5020	4159	4197	4260	4055	4195	4795	1
4627	5020	4147	4184	4228	4051	4177	4787	1
4607	5008	4129	4173	4203	4044	4159	4782	1
4611	5007	4131	4180	4212	4046	4169	4783	1
4613	5007	4128	4174	4222	4050	4175	4781	1
4618	5005	4129	4171	4228	4047	4173	4782	1
4632	5010	4147	4183	4242	4049	4186	4785	1
4627	5014	4151	4184	4248	4050	4195	4787	1
4617	5008	4140	4177	4234	4046	4181	4781	1
4628	5012	4142	4185	4226	4046	4174	4778	1
4629	5023	4147	4193	4235	4052	4184	4784	1
4609	5015	4133	4185	4233	4051	4176	4781	1
4605	5009	4127	4176	4222	4047	4165	4775	1
4623	5015	4140	4181	4231	4048	4178	4778	1
4642	5017	4148	4190	4246	4049	4189	4782	1
4630	5007	4138	4182	4242	4049	4178	4777	1
4609	5004	4131	4170	4233	4050	4174	4778	1
4610	5011	4137	4181	4228	4051	4177	4777	1
4619	5009	4140	4186	4221	4049	4173	4773	1
4620	5002	4136	4173	4229	4048	4176	4774	1
4621	5000	4138	4170	4245	4047	4183	4774	1
4619	5006	4141	4179	4238	4046	4178	4772	1
4620	5012	4141	4184	4220	4048	4172	4772	1
4629	5011	4141	4184	4231	4050	4181	4774	1
4628	5008	4141	4179	4246	4050	4185	4776	1
4619	5002	4138	4170	4231	4048	4178	4772	1
4616	4996	4132	4166	4221	4048	4171	4769	1
4614	4994	4130	4169	4233	4049	4172	4771	1
4616	5002	4135	4176	4240	4048	4177	4773	1
4622	5001	4137	4175	4244	4047	4179	4775	1
4610	4987	4126	4166	4240	4047	4176	4774	1
4603	4986	4125	4168	4213	4046	4167	4767	1
4618	5000	4136	4179	4213	4045	4168	4766	1
4621	4998	4138	4177	4238	4049	4177	4772	1
4606	4992	4132	4170	4230	4051	4177	4773	1
4610	5001	4135	4173	4223	4050	4178	4774	1
4634	5010	4146	4184	4251	4050	4191	4781	1
4636	5010	4149	4187	4251	4050	4194	4777	1
4610	5007	4138	4181	4215	4047	4174	4765	1
4608	5006	4137	4181	4218	4045	4168	4764	1
4635	5008	4153	4187	4247	4047	4187	4769	1
4637	5008	4157	4186	4246	4047	4191	4765	1
4622	5005	4147	4181	4235	4047	4179	4762	1
4617	5000	4143	4176	4234	4050	4176	4767	1
4615	4995	4140	4169	4224	4047	4174	4766	1
4607	4993	4127	4168	4209	4041	4162	4758	1
4612	5004	4125	4178	4212	4044	4163	4761	1
4633	5016	4142	4187	4230	4050	4178	4770	1
4643	5018	4151	4188	4248	4048	4188	4770	1
4628	5011	4144	4184	4250	4047	4186	4766	1
4607	5003	4132	4176	4225	4048	4171	4761	1
4611	5004	4133	4178	4209	4046	4165	4756	1
4626	5011	4145	4188	4229	4048	4179	4761	1
4630	5010	4148	4189	4246	4051	4187	4767	1
4621	4996	4134	4174	4233	4047	4173	4763	1
4613	4992	4129	4168	4227	4047	4174	4762	1
4617	5005	4139	4179	4233	4049	4186	4766	1
4614	5003	4134	4178	4225	4045	4175	4761	1
4611	4996	4127	4172	4222	4045	4165	4760	1
4629	5005	4139	4181	4240	4049	4183	4769	1
4650	5012	4156	4188	4259	4051	4203	4773	1
4653	5011	4161	4189	4256	4050	4198	4767	1
4642	5009	4151	4190	4237	4047	4186	4763	1
4615	5000	4133	4175	4218	4045	4174	4759	1
4597	4996	4129	4162	4217	4045	4170	4757	1
4615	5008	4142	4173	4233	4050	4182	4763	1
4627	5006	4140	4175	4233	4050	4182	4762	1
4611	4987	4126	4164	4219	4044	4165	4753	1
4611	4986	4127	4168	4220	4041	4159	4753	1
4619	4992	4130	4171	4228	4042	4165	4754	1
4613	4995	4127	4167	4227	4044	4168	4755	1
4610	4998	4125	4168	4215	4044	4163	4755	1
4609	5000	4122	4170	4205	4043	4157	4754	1
4613	5004	4122	4174	4220	4044	4168	4756	1
4628	5009	4134	4182	4243	4048	4185	4761	1
4637	5010	4146	4184	4240	4048	4183	4759	1
4639	5009	4149	4185	4242	4049	4185	4762	1
4638	5011	4145	4188	4252	4049	4189	4763	1
4624	5008	4135	4178	4232	4045	4176	4756	1
4606	5002	4126	4167	4217	4044	4166	4751	1
4605	4997	4121	4167	4213	4044	4163	4746	1
4607	4991	4123	4168	4208	4043	4160	4743	1
4609	4995	4133	4171	4218	4045	4166	4751	1
4611	4998	4136	4174	4229	4046	4175	4755	1
4613	4996	4128	4171	4221	4046	4172	4750	1
4613	4995	4121	4167	4214	4047	4166	4747	1
4609	4997	4119	4166	4216	4047	4161	4747	1
4614	5002	4128	4173	4231	4044	4171	4751	1
4627	5008	4140	4180	4248	4044	4185	4757	1
4616	5012	4133	4180	4222	4043	4167	4750	1
4611	5012	4128	4177	4198	4044	4152	4741	1
4635	5007	4142	4178	4231	4046	4176	4747	1
4642	5003	4146	4176	4247	4046	4188	4754	1
4626	5010	4141	4176	4229	4047	4180	4753	1
4615	5009	4137	4173	4226	4048	4177	4749	1
4609	4998	4125	4163	4218	4044	4167	4744	1
4616	5009	4124	4173	4209	4044	4161	4746	1
4636	5026	4142	4192	4232	4048	4180	4755	1
4644	5020	4147	4187	4251	4051	4191	4757	1
4639	5009	4138	4173	4242	4049	4182	4746	1
4629	5006	4131	4168	4222	4042	4169	4739	1
4618	5002	4128	4167	4219	4038	4169	4744	1
4625	5006	4133	4172	4234	4043	4180	4749	1
4640	5013	4141	4182	4230	4047	4181	4745	1
4646	5013	4149	4183	4222	4048	4179	4744	1
4645	5011	4155	4179	4240	4048	4190	4753	1
4636	5014	4151	4179	4240	4047	4193	4756	1
4630	5018	4140	4181	4219	4047	4186	4751	1
4636	5020	4142	4183	4227	4049	4186	4751	1
4642	5021	4149	4180	4245	4050	4194	4754	1
4648	5023	4154	4181	4249	4052	4200	4755	1
4656	5028	4158	4188	4249	4051	4202	4756	1
4647	5022	4150	4186	4241	4047	4191	4751	1
4631	5012	4140	4180	4229	4044	4182	4742	1
4637	5017	4147	4184	4231	4048	4188	4746	1
4647	5026	4157	4188	4238	4050	4194	4751	1
4638	5020	4151	4177	4243	4049	4193	4746	1
4630	5010	4143	4170	4242	4048	4190	4745	1
4641	5015	4144	4177	4235	4047	4189	4750	1
4644	5023	4145	4178	4234	4047	4187	4749	1
4632	5016	4142	4172	4241	4047	4187	4745	1
4629	5007	4140	4171	4246	4047	4192	4748	1
4633	5013	4144	4175	4236	4050	4194	4752	1
4641	5025	4152	4182	4239	4051	4196	4751	1
4650	5024	4156	4188	4257	4051	4202	4749	1
4640	5016	4148	4184	4244	4047	4194	4744	1
4617	5011	4138	4171	4208	4045	4176	4737	1
4625	5004	4141	4165	4220	4047	4178	4740	1
4647	5002	4150	4168	4255	4048	4194	4745	1
4636	5009	4145	4167	4238	4046	4186	4741	1
4616	5009	4130	4161	4201	4044	4166	4731	1
4630	5008	4136	4165	4222	4046	4178	4736	1
4655	5020	4160	4178	4268	4051	4205	4751	1
4651	5027	4160	4183	4261	4053	4204	4753	1
4652	5029	4152	4180	4242	4052	4195	4747	1
4658	5022	4151	4171	4250	4051	4194	4745	1
4637	5008	4133	4160	4236	4050	4182	4740	1
4614	5004	4118	4154	4214	4047	4167	4735	1
4618	5009	4128	4154	4228	4046	4170	4737	1
4628	5008	4135	4152	4235	4049	4176	4737	1
4629	5004	4132	4149	4224	4046	4175	4733	1
4631	5010	4140	4151	4237	4046	4180	4737	1
4640	5023	4156	4163	4250	4050	4189	4745	1
4643	5027	4157	4169	4234	4049	4188	4743	1
4631	5024	4147	4162	4220	4047	4178	4735	1
4623	5017	4137	4150	4223	4048	4171	4732	1
4629	5014	4134	4150	4229	4048	4173	4734	1
4631	5016	4134	4154	4234	4048	4180	4738	1
4623	5018	4130	4152	4236	4052	4182	4741	1
4621	5015	4127	4149	4230	4052	4178	4741	1
4637	5018	4138	4151	4242	4051	4183	4740	1
4652	5022	4153	4154	4269	4054	4197	4744	1
4638	5012	4149	4150	4253	4053	4189	4742	1
4623	5005	4138	4146	4216	4047	4168	4732	1
4634	5012	4143	4151	4222	4045	4172	4733	1
4641	5014	4148	4154	4245	4050	4188	4736	1
4633	5007	4140	4150	4237	4051	4181	4729	1
4629	5008	4135	4146	4228	4049	4172	4725	1
4624	5014	4137	4147	4234	4051	4177	4730	1
4627	5018	4137	4151	4235	4051	4178	4732	1
4637	5018	4135	4150	4230	4049	4170	4729	1
4631	5011	4133	4142	4231	4049	4167	4727	1
4613	5001	4126	4135	4240	4049	4171	4726	1
4609	4998	4120	4136	4236	4046	4167	4725	1
4616	5007	4122	4140	4226	4044	4160	4724	1
4623	5008	4129	4140	4222	4045	4160	4722	1
4612	4996	4127	4137	4214	4044	4159	4720	1
4596	4988	4120	4134	4210	4045	4156	4718	1
4605	4992	4127	4136	4222	4050	4165	4721	1
4618	5001	4138	4143	4238	4051	4177	4728	1
4614	5009	4138	4145	4233	4048	4172	4731	1
4610	5010	4129	4143	4218	4046	4158	4724	1
4614	5005	4122	4139	4218	4048	4160	4718	1
4616	5010	4132	4146	4240	4054	4175	4729	1
4619	5018	4142	4156	4255	4056	4183	4738	1
4612	5014	4134	4152	4234	4051	4171	4729	1
4600	5006	4124	4147	4202	4048	4154	4716	1
4611	5006	4130	4151	4211	4049	4157	4720	1
4624	5008	4140	4156	4243	4051	4173	4730	1
4613	5011	4138	4154	4235	4051	4176	4728	1
4608	5020	4140	4154	4222	4053	4172	4726	1
4624	5025	4144	4162	4241	4053	4176	4730	1
4632	5025	4145	4168	4255	4051	4183	4734	1
4627	5023	4145	4164	4253	4054	4186	4735	1
4625	5018	4141	4156	4251	4053	4181	4730	1
4611	5013	4133	4153	4228	4048	4166	4723	1
4601	5017	4132	4160	4209	4050	4160	4723	1
4605	5021	4137	4163	4218	4050	4161	4721	1
4603	5011	4134	4152	4224	4045	4162	4716	1
4597	4998	4128	4143	4226	4045	4164	4717	1
4605	5000	4128	4147	4232	4050	4166	4722	1
4619	5009	4138	4153	4246	4054	4176	4731	1
4617	5010	4141	4151	4250	4057	4184	4736	1
4609	5005	4131	4150	4230	4054	4168	4725	1
4615	5015	4132	4156	4223	4050	4160	4718	1
4625	5024	4142	4162	4237	4051	4171	4724	1
4611	5009	4133	4154	4233	4051	4171	4726	1
4586	5000	4118	4140	4214	4050	4157	4721	1
4586	5007	4121	4143	4210	4050	4150	4717	1
4592	5005	4118	4149	4214	4048	4146	4714	1
4592	4997	4111	4141	4216	4048	4146	4713	1
4601	5001	4121	4141	4216	4049	4153	4714	1
4600	5005	4126	4149	4216	4046	4155	4711	1
4583	4998	4116	4143	4224	4046	4153	4713	1
4580	4994	4115	4137	4224	4050	4154	4718	1
4594	5003	4127	4149	4218	4050	4157	4719	1
4601	5009	4132	4157	4229	4049	4163	4720	1
4598	5004	4130	4154	4234	4050	4167	4724	1
4598	4997	4133	4149	4225	4049	4163	4719	1
4597	4994	4131	4149	4216	4046	4154	4710	1
4594	4997	4127	4149	4216	4048	4155	4710	1
4595	5005	4130	4151	4219	4049	4161	4715	1
4601	5004	4128	4152	4220	4048	4156	4709	1
4599	4991	4124	4149	4221	4049	4153	4703	1
4600	4991	4133	4150	4227	4050	4167	4710	1
4607	5008	4143	4161	4239	4050	4177	4719	1
4603	5013	4137	4167	4238	4050	4176	4717	1
4601	5007	4134	4165	4231	4048	4172	4714	1
4619	5012	4144	4170	4244	4048	4172	4716	1
4622	5016	4143	4170	4252	4051	4173	4716	1
4596	5003	4124	4155	4226	4047	4162	4708	1
4583	4993	4112	4147	4206	4044	4149	4703	1
4587	4991	4117	4149	4220	4046	4152	4704	1
4593	4997	4124	4151	4224	4045	4160	4707	1
4605	5010	4130	4159	4216	4047	4161	4708	1
4618	5013	4138	4168	4231	4051	4169	4711	0
4616	5001	4140	4166	4252	4053	4179	4714	0
4607	4997	4133	4156	4245	4049	4171	4713	0
4601	4997	4124	4151	4220	4046	4152	4704	0
4593	4994	4115	4153	4204	4044	4140	4698	0
4596	4999	4116	4153	4214	4043	4144	4703	0
4615	5003	4128	4154	4239	4046	4162	4706	0
4615	5002	4133	4156	4241	4047	4164	4702	0
4591	5005	4123	4156	4216	4047	4155	4702	0
4589	5008	4121	4155	4217	4049	4160	4707	0
4607	5001	4129	4155	4238	4049	4166	4709	0
4611	5001	4133	4162	4240	4046	4162	4708	0
4618	5014	4140	4171	4233	4050	4166	4712	0
4621	5017	4142	4170	4238	4054	4176	4714	0
4603	5007	4126	4158	4232	4050	4168	4711	0
4594	5001	4118	4152	4217	4045	4154	4706	0
4605	4999	4126	4152	4228	4047	4159	4707	0
4608	4997	4125	4153	4238	4048	4165	4707	0
4606	4995	4118	4151	4226	4046	4156	4701	0
4613	5000	4125	4153	4224	4047	4154	4700	0
4612	5012	4131	4165	4230	4049	4163	4707	0
4606	5021	4126	4168	4218	4047	4160	4707	0
4612	5011	4127	4162	4217	4049	4156	4703	0
4613	4996	4131	4156	4239	4049	4164	4706	0
4600	4998	4129	4154	4231	4047	4163	4709	0
4603	5012	4129	4160	4211	4049	4161	4707	0
4619	5017	4137	4170	4229	4052	4170	4709	0
4618	5010	4140	4172	4249	4052	4173	4712	0
4609	5004	4130	4167	4232	4049	4164	4706	0
4611	5002	4125	4160	4218	4046	4156	4703	0
4610	5001	4128	4162	4226	4047	4161	4703	0
4599	5002	4125	4167	4224	4047	4161	4696	0
4595	5001	4117	4161	4213	4045	4155	4694	0
4609	5006	4125	4163	4220	4046	4157	4703	0
4617	5007	4134	4172	4228	4049	4162	4702	0
4598	4997	4122	4166	4212	4046	4156	4697	0
4592	4996	4112	4160	4205	4045	4151	4702	0
4625	5005	4128	4168	4235	4049	4164	4707	0
4645	5011	4144	4177	4255	4050	4178	4705	0
4622	5013	4137	4179	4241	4048	4174	4704	0
4606	5009	4125	4172	4216	4048	4157	4697	0
4615	5002	4125	4165	4216	4048	4157	4693	0
4623	5008	4135	4171	4232	4049	4174	4704	0
4630	5022	4142	4184	4232	4053	4177	4708	0
4640	5026	4137	4185	4222	4052	4168	4703	0
4647	5025	4138	4182	4240	4051	4176	4707	0
4645	5018	4143	4178	4264	4055	4187	4713	0
4632	5008	4136	4174	4248	4054	4177	4708	0
4621	5004	4127	4170	4223	4048	4162	4701	0
4622	5001	4124	4162	4222	4046	4154	4697	0
4625	5002	4124	4158	4227	4048	4157	4696	0
4623	5007	4126	4166	4233	4048	4169	4701	0
4630	5010	4131	4171	4234	4047	4173	4702	0
4634	5013	4136	4172	4220	4049	4166	4699	0
4628	5019	4138	4178	4217	4051	4169	4701	0
4631	5020	4138	4178	4237	4052	4180	4704	0
4634	5014	4136	4168	4237	4049	4177	4699	0
4628	5010	4135	4167	4222	4048	4171	4697	0
4626	5011	4132	4170	4224	4049	4175	4703	0
4627	5007	4125	4165	4233	4047	4173	4703	0
4626	5007	4129	4166	4234	4047	4167	4700	0
4635	5015	4137	4173	4237	4050	4171	4700	0
4638	5017	4137	4172	4245	4048	4176	4703	0
4624	5010	4135	4170	4242	4045	4170	4700	0
4621	5013	4136	4172	4228	4046	4166	4695	0
4628	5019	4135	4170	4221	4049	4167	4698	0
4615	5012	4123	4167	4218	4047	4161	4698	0
4605	5003	4115	4163	4221	4044	4156	4696	0
4612	5003	4121	4159	4237	4047	4169	4701	0
4619	5008	4124	4161	4233	4048	4168	4700	0
4611	4999	4113	4155	4201	4037	4144	4687	0
4602	4990	4108	4149	4199	4035	4142	4686	0
4605	5000	4116	4154	4222	4043	4163	4696	0
4614	5007	4123	4163	4229	4047	4169	4697	0
4617	5006	4128	4168	4230	4046	4167	4695	0
4610	5008	4131	4166	4229	4043	4169	4697	0
4610	5003	4129	4158	4227	4040	4171	4694	0
4612	4998	4126	4157	4229	4042	4171	4692	0
4608	5007	4127	4164	4224	4045	4165	4695	0
4604	5006	4125	4157	4216	4045	4161	4697	0
4599	4994	4123	4148	4223	4044	4166	4693	0
4606	4995	4131	4155	4233	4044	4172	4691	0
4617	5005	4136	4164	4232	4044	4170	4693	0
4620	5011	4135	4168	4229	4043	4174	4694	0
4614	5012	4140	4168	4232	4043	4180	4695	0
4614	5016	4144	4169	4243	4046	4183	4702	0
4622	5021	4144	4172	4246	4048	4186	4705	0
4625	5016	4140	4171	4232	4045	4179	4696	0
4615	5005	4132	4160	4221	4044	4166	4690	0
4609	5006	4128	4156	4224	4044	4165	4692	0
4612	5009	4128	4163	4228	4043	4169	4694	0
4607	5002	4123	4157	4217	4043	4160	4692	0
4608	4998	4128	4153	4217	4043	4159	4692	0
4628	5011	4145	4171	4231	4047	4181	4697	0
4631	5015	4144	4178	4230	4048	4187	4698	0
4619	5006	4133	4165	4218	4044	4174	4693	0
4630	5010	4138	4167	4234	4046	4182	4694	0
4639	5010	4140	4174	4254	4047	4194	4697	0
4624	4999	4128	4161	4242	4045	4182	4695	0
4611	5002	4124	4154	4226	4048	4168	4693	0
4608	5009	4125	4164	4215	4047	4161	4691	0
4606	5003	4122	4163	4205	4038	4155	4685	0
4609	4995	4123	4155	4214	4038	4160	4686	0
4615	5002	4131	4162	4232	4046	4170	4692	0
4620	5009	4135	4170	4225	4048	4171	4692	0
4624	5010	4134	4170	4216	4045	4173	4691	0
4626	5009	4131	4170	4225	4043	4178	4694	0
4621	5003	4126	4167	4224	4044	4175	4694	0
4619	5003	4128	4167	4226	4047	4176	4692	0
4625	5007	4132	4171	4230	4047	4176	4692	0
4623	5002	4127	4166	4216	4044	4164	4687	0
4626	4991	4132	4157	4222	4043	4166	4684	0
4638	4994	4149	4163	4250	4046	4190	4692	0
4634	5000	4149	4169	4241	4047	4192	4697	0
4624	4999	4140	4165	4216	4045	4180	4692	0
4631	4999	4139	4165	4221	4044	4178	4688	0
4635	4997	4134	4163	4218	4046	4173	4689	0
4623	4992	4123	4155	4213	4047	4167	4690	0
4618	4991	4125	4157	4229	4047	4174	4691	0
4622	4993	4133	4161	4234	4048	4177	4689	0
4625	4993	4132	4158	4218	4046	4171	4687	0
4624	4993	4129	4160	4220	4045	4169	4688	0
4613	4988	4127	4156	4223	4045	4167	4683	0
4606	4982	4123	4153	4211	4044	4163	4678	0
4622	4992	4129	4166	4210	4043	4167	4685	0
4636	5007	4144	4175	4232	4045	4182	4693	0
4628	5009	4146	4168	4240	4047	4190	4693	0
4621	5003	4137	4165	4229	4048	4183	4691	0
4622	5000	4130	4164	4231	4048	4174	4693	0
4627	5001	4130	4168	4236	4045	4171	4691	0
4629	5000	4130	4170	4225	4044	4164	4685	0
4616	4998	4121	4161	4209	4047	4157	4681	0
4610	4998	4120	4157	4210	4050	4162	4687	0
4622	5005	4134	4166	4221	4047	4173	4690	0
4626	5009	4138	4171	4229	4047	4180	4689	0
4621	5005	4131	4168	4229	4049	4181	4689	0
4619	5002	4131	4167	4224	4047	4176	4686	0
4622	4998	4134	4168	4231	4044	4178	4685	0
4620	4995	4128	4168	4233	4046	4179	4684	0
4612	4997	4124	4162	4220	4047	4170	4680	0
4609	5002	4128	4162	4213	4046	4166	4680	0
4614	5001	4129	4165	4223	4045	4173	4687	0
4616	4995	4125	4161	4229	4044	4176	4686	0
4613	4992	4123	4155	4218	4043	4164	4677	0
4609	4988	4118	4155	4207	4039	4154	4674	0
4611	4993	4122	4164	4209	4040	4159	4678	0
4626	5000	4135	4172	4229	4045	4174	4683	0
4632	4994	4135	4167	4244	4047	4181	4685	0
4625	4988	4124	4158	4236	4047	4175	4681	0
4629	4998	4127	4166	4222	4048	4172	4680	0
4633	5005	4133	4173	4216	4049	4173	4682	0
4623	4999	4125	4165	4220	4047	4170	4681	0
4628	5000	4124	4165	4232	4046	4172	4684	0
4645	5005	4138	4174	4237	4045	4178	4688	0
4633	5001	4138	4167	4228	4047	4176	4684	0
4620	4994	4126	4158	4228	4050	4173	4682	0
4631	4993	4124	4161	4235	4048	4174	4685	0
4638	4990	4128	4160	4235	4045	4172	4685	0
4629	4993	4124	4159	4229	4046	4170	4685	0
4621	5002	4115	4164	4213	4048	4164	4684	0
4631	5003	4118	4165	4221	4045	4164	4682	0
4648	5001	4133	4168	4248	4047	4176	4685	0
4637	4998	4129	4166	4229	4048	4173	4685	0
4612	4993	4115	4155	4190	4045	4155	4676	0
4616	4993	4119	4158	4204	4043	4157	4675	0
4631	4995	4126	4171	4228	4042	4167	4682	0
4632	4993	4125	4169	4222	4044	4169	4682	0
4634	4997	4133	4167	4224	4048	4176	4685	0
4642	5003	4139	4174	4241	4051	4184	4691	0
4654	5007	4140	4182	4254	4053	4190	4695	0
4657	5009	4143	4184	4253	4052	4192	4695	0
4641	5005	4137	4175	4237	4050	4182	4692	0
4635	5000	4129	4169	4226	4047	4171	4689	0
4647	5006	4134	4178	4233	4050	4176	4689	0
4648	5016	4141	4187	4244	4054	4187	4690	0
4648	5020	4143	4187	4243	4054	4188	4691	0
4660	5020	4145	4187	4242	4052	4184	4692	0
4658	5014	4142	4185	4236	4051	4175	4688	0
4641	5005	4131	4175	4222	4049	4169	4682	0
4623	5000	4124	4169	4214	4044	4169	4681	0
4624	4998	4126	4168	4223	4042	4171	4683	0
4632	4997	4127	4171	4226	4044	4170	4683	0
4633	5002	4127	4176	4222	4047	4171	4685	0
4634	5009	4133	4176	4233	4049	4177	4688	0
4645	5009	4138	4176	4244	4048	4179	4689	0
4646	5009	4133	4179	4231	4047	4170	4685	0
4630	5010	4122	4175	4213	4048	4158	4680	0
4624	5002	4118	4166	4213	4045	4153	4676	0
4639	4999	4124	4169	4221	4043	4155	4677	0
4649	5009	4129	4181	4222	4047	4161	4683	0
4645	5013	4130	4181	4222	4050	4166	4686	0
0	0	0	0	0	0	0	0	0
4639	5003	4124	4168	4231	4049	4167	4685	0
4649	5006	4129	4173	4243	4050	4173	4687	0
4655	5009	4131	4177	4246	4050	4177	4689	0
4642	5009	4118	4174	4230	4049	4164	4686	0
4635	5010	4113	4175	4219	4049	4154	4684	0
4648	5011	4125	4183	4227	4049	4161	4685	0
4656	5013	4132	4187	4233	4048	4168	4689	0
4646	5012	4130	4181	4229	4046	4167	4688	0
4634	5007	4123	4172	4220	4045	4159	4682	0
4630	5005	4118	4169	4207	4044	4151	4675	0
4637	5008	4127	4175	4210	4045	4158	4676	0
4643	5004	4134	4177	4230	4049	4173	4686	0
4635	4996	4126	4169	4232	4051	4170	4691	0
4639	5000	4122	4172	4224	4051	4166	4688	0
4658	5010	4136	4183	4237	4051	4176	4690	0
4656	5011	4141	4181	4248	4051	4179	4692	0
4633	5000	4126	4170	4234	4050	4168	4686	0
4632	4993	4117	4166	4218	4048	4160	4681	0
4645	4997	4126	4168	4224	4047	4162	4682	0
4640	4996	4127	4168	4234	4049	4167	4683	0
4632	4995	4125	4169	4234	4050	4172	4684	0
4635	5001	4129	4170	4223	4046	4169	4682	0
4628	4994	4125	4162	4201	4046	4155	4675	0
4622	4981	4116	4151	4192	4044	4148	4670	0
4631	4983	4120	4153	4215	4041	4157	4675	0
4628	4988	4121	4156	4223	4045	4161	4682	0
4619	4987	4117	4154	4211	4044	4152	4677	0
4630	4992	4121	4157	4219	4041	4154	4675	0
4631	4991	4117	4155	4222	4043	4156	4677	0
4615	4980	4106	4150	4205	4043	4145	4671	0
4620	4978	4109	4151	4201	4041	4140	4668	0
4638	4987	4118	4155	4215	4043	4146	4676	0
4633	4987	4116	4155	4212	4043	4136	4673	0
4619	4984	4111	4155	4200	4040	4118	4665	0
4630	4986	4116	4154	4212	4042	4125	4671	0
4647	4992	4127	4161	4229	4046	4144	4680	0
4638	4991	4125	4164	4213	4044	4133	4675	0
4623	4991	4117	4156	4195	4041	4119	4670	0
4628	4997	4121	4158	4213	4043	4134	4675	0
4637	5000	4125	4168	4224	4048	4146	4680	0
4645	5000	4128	4167	4226	4050	4140	4678	0
4650	4997	4131	4161	4242	4048	4143	4677	0
4644	5000	4131	4167	4237	4045	4148	4681	0
4641	5003	4129	4174	4215	4045	4140	4682	0
4637	4992	4125	4163	4221	4048	4138	4678	0
4627	4987	4122	4156	4230	4048	4142	4677	0
4629	5000	4122	4164	4212	4045	4131	4675	0
4642	4998	4120	4164	4209	4045	4125	4673	0
4634	4991	4117	4157	4224	4047	4135	4675	0
4625	4999	4118	4162	4222	4045	4140	4676	0
4634	4995	4120	4161	4218	4043	4130	4673	0
4637	4983	4114	4150	4221	4042	4123	4671	0
4627	4989	4114	4150	4216	4042	4127	4676	0
4630	4998	4122	4163	4216	4044	4136	4680	0
4646	4995	4127	4167	4223	4047	4137	4678	0
4647	4994	4128	4161	4225	4048	4135	4678	0
4630	4995	4125	4160	4224	4047	4135	4677	0
4623	4988	4117	4158	4221	4044	4129	4674	0
4627	4984	4114	4154	4213	4042	4122	4673	0
4628	4988	4115	4154	4206	4042	4120	4669	0
4630	4991	4116	4158	4206	4041	4121	4667	0
4637	4995	4119	4161	4214	4040	4124	4671	0
4629	4995	4121	4160	4209	4043	4122	4671	0
4620	4991	4120	4158	4203	4048	4124	4670	0
4628	4989	4122	4161	4221	4047	4136	4674	0
4634	4996	4124	4162	4222	4042	4134	4673	0
4633	5000	4124	4160	4203	4041	4122	4669	0
4634	4992	4123	4157	4209	4044	4127	4671	0
4626	4983	4114	4153	4212	4043	4130	4671	0
4617	4985	4109	4150	4211	4041	4126	4672	0
4625	4994	4118	4156	4224	4044	4132	4677	0
4624	4994	4116	4157	4214	4044	4128	4673	0
4612	4988	4105	4150	4194	4041	4113	4664	0
4617	4984	4105	4153	4203	4039	4115	4664	0
4629	4989	4113	4160	4211	4041	4125	4668	0
4634	4999	4122	4159	4214	4046	4132	4674	0
4641	5000	4129	4160	4228	4048	4137	4675	0
4638	4993	4124	4164	4223	4042	4131	4669	0
4624	4989	4114	4158	4200	4037	4120	4667	0
4618	4990	4110	4152	4204	4041	4121	4670	0
4628	4990	4113	4156	4221	4043	4130	4668	0
4631	4988	4114	4155	4214	4041	4129	4664	0
4629	4989	4115	4151	4209	4039	4124	4667	0
4629	4997	4122	4162	4213	4041	4126	4669	0
4624	5000	4116	4167	4205	4042	4125	4668	0
4625	4997	4113	4163	4203	4041	4126	4668	0
4641	5003	4128	4170	4224	4043	4139	4675	0
4644	5001	4130	4167	4230	4045	4142	4676	0
4635	4995	4121	4158	4221	4042	4136	4669	0
4636	5004	4126	4167	4221	4041	4141	4671	0
4633	5005	4125	4169	4217	4043	4141	4676	0
4634	4994	4122	4158	4225	4044	4138	4676	0
4647	4995	4127	4162	4234	4044	4141	4673	0
4639	4993	4119	4160	4217	4043	4133	4670	0
4624	4985	4111	4147	4203	4041	4127	4669	0
4630	4991	4120	4151	4210	4041	4133	4670	0
4639	4995	4122	4157	4212	4040	4133	4666	0
4638	4987	4116	4152	4207	4039	4130	4664	0
4633	4988	4117	4152	4215	4042	4139	4670	0
4633	4996	4122	4160	4230	4045	4146	4676	0
4641	4997	4121	4162	4235	4046	4146	4675	0
4641	4996	4118	4163	4215	4044	4137	4670	0
4635	4997	4121	4167	4198	4043	4131	4669	0
4643	4998	4125	4165	4214	4047	4138	4672	0
4647	4997	4124	4161	4231	4048	4145	4673	0
4640	4992	4120	4160	4223	4044	4140	4668	0
4639	4992	4120	4159	4217	4044	4135	4667	0
4635	4993	4120	4155	4222	4045	4138	4673	0
4624	4990	4116	4152	4215	4041	4134	4667	0
4621	4991	4111	4155	4204	4037	4127	4662	0
4634	4997	4116	4160	4216	4042	4134	4669	0
4650	4998	4128	4161	4241	4047	4148	4674	0
4640	4990	4124	4154	4242	4045	4146	4670	0
4615	4988	4108	4151	4212	4039	4129	4667	0
4615	4995	4108	4153	4200	4039	4125	4665	0
4628	5001	4117	4158	4214	4041	4132	4660	0
4619	5000	4118	4161	4216	4041	4134	4662	0
4607	4995	4117	4163	4207	4042	4130	4666	0
4612	4991	4118	4160	4203	4041	4127	4662	0
4621	4993	4120	4157	4209	4040	4131	4660	0
4621	4998	4121	4162	4215	4043	4134	4664	0
4625	5002	4126	4166	4217	4044	4137	4667	0
4623	4998	4122	4162	4208	4041	4132	4659	0
4623	4997	4120	4162	4218	4041	4136	4661	0
4635	5008	4132	4170	4255	4047	4157	4678	0
4638	5011	4136	4171	4250	4047	4161	4681	0
4624	5001	4124	4161	4213	4042	4141	4666	0
4620	5001	4122	4159	4213	4042	4138	4666	0
4628	5009	4132	4167	4238	4046	4154	4678	0
4618	5002	4129	4163	4231	4049	4150	4676	0
4612	4994	4120	4154	4215	4045	4137	4668	0
4623	5007	4124	4166	4220	4046	4140	4670	0
4625	5016	4124	4175	4218	4049	4142	4671	0
4620	5010	4121	4168	4222	4047	4145	4670	0
4628	5006	4124	4168	4234	4047	4151	4673	0
4636	5010	4129	4170	4237	4050	4152	4674	0
4633	5017	4137	4174	4240	4053	4156	4675	0
4650	5028	4154	4188	4256	4053	4170	4681	0
4664	5032	4160	4192	4262	4049	4174	4680	0
4638	5026	4146	4181	4247	4048	4163	4676	0
4620	5019	4141	4172	4241	4049	4160	4679	0
4630	5015	4144	4170	4235	4048	4157	4676	0
4630	5011	4136	4165	4227	4047	4152	4674	0
4618	5007	4131	4164	4236	4051	4154	4676	0
4632	5008	4144	4170	4249	4052	4163	4676	0
4645	5011	4150	4173	4237	4049	4163	4675	0
4634	5008	4140	4168	4229	4047	4157	4675	0
4627	5003	4133	4166	4240	4048	4153	4672	0
4632	5006	4135	4169	4232	4046	4144	4666	0
4633	5007	4135	4169	4229	4044	4146	4668	0
4627	5005	4129	4168	4240	4046	4151	4672	0
4625	5009	4128	4169	4228	4046	4142	4667	0
4622	5005	4128	4163	4210	4041	4135	4662	0
4606	4989	4116	4152	4212	4041	4136	4663	0
4594	4984	4108	4143	4210	4042	4133	4663	0
4603	4993	4118	4144	4205	4041	4135	4662	0
4614	4998	4126	4153	4212	4044	4139	4664	0
4615	4997	4122	4156	4216	4045	4134	4666	0
4615	4998	4123	4155	4212	4046	4132	4668	0
4615	4997	4120	4151	4214	4043	4135	4666	0
4620	5002	4117	4155	4228	4041	4139	4666	0
4634	5014	4129	4169	4241	4045	4150	4672	0
4642	5022	4137	4176	4244	4049	4158	4676	0
4637	5018	4134	4171	4234	4047	4153	4674	0
4639	5013	4136	4172	4225	4047	4148	4671	0
4647	5014	4143	4175	4230	4048	4151	4672	0
4631	5008	4131	4166	4229	4045	4147	4671	0
4604	5006	4120	4162	4211	4047	4138	4670	0
4606	5018	4128	4168	4202	4050	4141	4672	0
4624	5026	4138	4172	4221	4048	4153	4674	0
4628	5022	4138	4173	4236	4048	4159	4675	0
4628	5014	4138	4171	4237	4049	4156	4676	0
4636	5011	4142	4168	4239	4051	4161	4680	0
4637	5009	4146	4170	4246	4049	4168	4678	0
4629	5011	4141	4170	4245	4046	4164	4676	0
4622	5008	4129	4159	4231	4045	4155	4674	0
4624	5003	4127	4156	4230	4047	4154	4673	0
4634	5005	4135	4165	4244	4047	4160	4673	0
4629	5007	4133	4165	4231	4046	4154	4672	0
4612	5003	4120	4160	4203	4046	4140	4668	0
4618	4999	4121	4158	4211	4044	4138	4663	0
4625	5003	4123	4160	4224	4044	4141	4664	0
4595	5001	4107	4153	4200	4042	4130	4664	0
4572	4989	4094	4144	4181	4040	4123	4661	0
4589	4990	4104	4145	4197	4041	4132	4660	0
4606	5002	4111	4152	4212	4042	4138	4662	0
4608	5003	4110	4154	4213	4041	4137	4663	0
4613	5002	4118	4160	4222	4044	4144	4667	0
4618	5012	4127	4171	4228	4049	4153	4671	0
4616	5013	4124	4168	4225	4045	4152	4669	0
4625	5005	4126	4164	4234	4045	4154	4671	0
4646	5013	4141	4173	4258	4051	4170	4680	0
4642	5018	4138	4171	4247	4048	4165	4676	0
4613	5009	4118	4159	4209	4040	4141	4665	0
4611	5009	4118	4165	4216	4043	4148	4667	0
4618	5014	4127	4167	4239	4045	4163	4673	0
4598	5004	4111	4153	4213	4041	4140	4667	0
4588	4997	4103	4151	4189	4038	4127	4659	0
4599	4998	4115	4160	4209	4039	4143	4662	0
4598	4991	4115	4153	4218	4040	4144	4663	0
4596	4986	4110	4148	4210	4038	4135	4658	0
4604	4994	4120	4155	4219	4039	4146	4661	0
4609	5002	4130	4163	4236	4044	4159	4669	0
4627	5009	4140	4170	4254	4050	4166	4674	0
4637	5012	4144	4173	4263	4049	4172	4674	0
4609	5012	4138	4168	4254	4044	4169	4673	0
4593	5019	4136	4172	4254	4044	4167	4674	0
4595	5020	4135	4176	4249	4043	4163	4672	0
4565	5009	4117	4163	4216	4042	4145	4667	0
4541	5011	4109	4157	4203	4045	4141	4668	0
4557	5014	4118	4165	4226	4045	4156	4673	0
4564	4998	4114	4161	4230	4041	4152	4669	0
4552	4991	4104	4153	4222	4042	4141	4661	0
4562	5000	4114	4156	4242	4044	4152	4668	0
4570	5001	4124	4162	4256	4044	4162	4676	0
4550	4997	4111	4161	4228	4039	4146	4665	0
4534	4995	4097	4155	4201	4037	4128	4653	0
4542	4990	4101	4149	4213	4040	4133	4657	0
4539	4988	4104	4148	4225	4039	4141	4662	0
4525	4999	4100	4153	4203	4040	4132	4660	0
4532	5007	4101	4157	4190	4040	4127	4657	0
4550	5005	4111	4161	4217	4040	4142	4661	0
4554	5000	4115	4160	4237	4040	4151	4665	0
4544	4996	4108	4154	4221	4041	4140	4662	0
4544	4993	4105	4152	4217	4040	4135	4656	0
4560	4991	4107	4151	4240	4038	4145	4657	0
4560	4992	4106	4149	4235	4037	4145	4661	0
4537	4996	4098	4145	4204	4037	4135	4657	0
4540	4996	4096	4147	4202	4038	4134	4654	0
4559	4993	4105	4155	4227	4038	4141	4657	0
4550	4998	4108	4156	4223	4040	4141	4658	0
4546	5010	4110	4157	4214	4042	4143	4657	0
4565	5011	4117	4164	4236	4044	4151	4662	0
4560	5003	4113	4160	4234	4041	4146	4661	0
4539	5000	4105	4151	4200	4037	4135	4655	0
4553	5004	4112	4155	4203	4037	4140	4658	0
4575	5007	4120	4164	4231	4037	4148	4663	0
4565	5004	4116	4159	4232	4035	4149	4658	0
4555	4993	4114	4151	4232	4037	4152	4657	0
4562	4991	4114	4153	4233	4037	4149	4658	0
4559	4997	4108	4154	4215	4032	4135	4652	0
4543	4994	4103	4149	4206	4034	4132	4651	0
4534	4986	4100	4138	4210	4039	4138	4656	0
4539	4989	4097	4138	4206	4037	4137	4656	0
4551	5000	4106	4151	4214	4038	4140	4653	0
4556	5004	4112	4157	4228	4040	4146	4654	0
4545	4997	4106	4152	4215	4038	4140	4651	0
4541	4992	4106	4151	4203	4036	4135	4649	0
4555	4997	4116	4161	4217	4033	4142	4652	0
4562	5001	4123	4168	4228	4034	4148	4654	0
4561	5004	4125	4168	4227	4039	4154	4657	0
4567	5010	4129	4168	4232	4039	4161	4662	0
4567	5011	4130	4171	4228	4036	4158	4664	0
4560	5010	4123	4171	4216	4036	4150	4661	0
4555	5006	4115	4160	4227	4036	4151	4658	0
4544	5001	4113	4153	4231	4039	4152	4660	0
4537	5003	4114	4161	4205	4040	4146	4659	0
4541	5011	4113	4170	4182	4036	4135	4653	0
4540	5012	4109	4170	4186	4034	4132	4648	0
4536	5002	4107	4158	4209	4035	4142	4648	0
4541	4992	4107	4147	4222	4035	4149	4653	0
4549	4999	4112	4154	4217	4037	4149	4655	0
4560	5013	4120	4170	4216	4041	4152	4657	0
4572	5011	4125	4170	4230	4040	4157	4660	0
4577	5004	4125	4165	4235	4038	4160	4662	0
4581	5010	4127	4171	4231	4042	4162	4661	0
4586	5013	4129	4171	4236	4042	4165	4662	0
4572	5005	4122	4161	4232	4040	4161	4663	0
4553	5002	4110	4152	4209	4041	4149	4656	0
4556	5006	4107	4150	4197	4040	4140	4650	0
4572	5011	4118	4162	4222	4037	4149	4656	0
4577	5022	4127	4174	4242	4041	4160	4663	0
4571	5022	4124	4167	4231	4042	4157	4659	0
4564	5009	4120	4158	4227	4039	4154	4655	0
4560	5007	4123	4164	4231	4040	4156	4657	0
4565	5009	4124	4164	4230	4042	4156	4655	0
4564	4999	4115	4150	4227	4039	4153	4651	0
4549	4997	4108	4148	4221	4038	4147	4651	0
4542	5003	4113	4159	4221	4042	4150	4657	0
4557	5000	4120	4166	4229	4042	4159	4657	0
4569	5000	4116	4161	4218	4037	4152	4651	0
4550	5001	4105	4153	4207	4037	4142	4649	0
4533	4993	4104	4151	4226	4041	4151	4655	0
4543	5000	4115	4155	4233	4041	4158	4656	0
4551	5012	4117	4160	4212	4035	4147	4650	0
4543	4999	4109	4158	4200	4034	4138	4644	0
4543	4985	4112	4151	4214	4037	4148	4647	0
4552	4994	4118	4151	4226	4040	4160	4653	0
4547	4997	4109	4154	4217	4035	4151	4650	0
4538	4985	4100	4148	4202	4032	4136	4641	0
4534	4982	4101	4140	4201	4035	4140	4639	0
4536	4988	4102	4143	4196	4035	4146	4642	0
4540	4997	4103	4148	4189	4034	4142	4645	0
4546	4997	4106	4149	4209	4036	4146	4645	0
4554	4989	4107	4150	4224	4034	4153	4641	0
4548	4980	4101	4145	4204	4032	4144	4638	0
4540	4978	4099	4140	4194	4033	4135	4640	0
4540	4984	4103	4146	4207	4034	4141	4644	0
4542	4990	4105	4150	4209	4035	4146	4645	0
4546	4991	4107	4147	4208	4036	4149	4646	0
4553	4992	4111	4151	4216	4036	4154	4646	0
4550	4995	4110	4154	4215	4036	4152	4644	0
4541	4991	4102	4148	4200	4034	4140	4642	0
4547	4985	4103	4145	4204	4033	4141	4642	0
4555	4990	4108	4150	4220	4035	4155	4645	0
4553	4992	4106	4153	4212	4035	4151	4644	0
4549	4978	4101	4143	4191	4031	4133	4640	0
4542	4975	4100	4139	4190	4030	4131	4638	0
4542	4993	4110	4154	4204	4034	4146	4644	0
4548	4998	4116	4160	4215	4036	4152	4648	0
4557	4993	4115	4155	4221	4037	4152	4649	0
4566	5002	4117	4157	4213	4037	4150	4646	0
4564	5001	4114	4155	4209	4035	4148	4643	0
4562	4991	4114	4152	4230	4036	4159	4651	0
4558	4993	4116	4154	4228	4039	4160	4656	0
4546	4995	4104	4152	4192	4035	4140	4647	0
4538	4991	4093	4150	4188	4034	4137	4642	0
4554	4995	4106	4156	4216	4041	4155	4649	0
4563	4992	4116	4156	4217	4040	4153	4647	0
4548	4982	4105	4149	4191	4031	4138	4638	0
4551	4987	4105	4151	4197	4030	4145	4641	0
4569	4996	4120	4159	4229	4035	4164	4650	0
4569	4994	4124	4160	4237	4036	4166	4651	0
4561	4993	4116	4156	4223	4035	4157	4647	0
4558	4993	4106	4152	4206	4033	4147	4645	0
4544	4990	4100	4148	4195	4031	4141	4641	0
4540	4991	4100	4151	4196	4032	4144	4642	0
4558	4994	4107	4155	4210	4033	4148	4645	0
4564	4994	4110	4155	4219	4035	4149	4645	0
4564	5003	4113	4163	4213	4037	4153	4646	0
4576	5013	4120	4172	4209	4035	4159	4652	0
4572	5005	4120	4165	4217	4034	4162	4657	0
4559	4995	4114	4156	4227	4037	4163	4656	0
4570	5000	4111	4162	4216	4035	4157	4651	0
4569	5005	4111	4163	4195	4033	4148	4651	0
4547	4999	4104	4154	4192	4032	4144	4650	0
4548	4991	4101	4151	4203	4033	4144	4646	0
4565	4993	4107	4161	4211	4035	4151	4646	0
4564	4999	4112	4167	4209	4034	4156	4648	0
4562	5000	4108	4158	4203	4033	4150	4647	0
4565	4997	4106	4154	4214	4034	4149	4648	0
4562	4997	4112	4164	4222	4035	4155	4649	0
4564	5007	4121	4173	4209	4034	4156	4646	0
4570	5006	4122	4168	4206	4034	4155	4644	0
4568	4989	4119	4157	4230	4036	4162	4649	0
4570	4988	4120	4156	4227	4036	4164	4648	0
4573	4998	4116	4162	4193	4034	4151	4643	0
4562	4991	4108	4156	4188	4032	4144	4641	0
4545	4980	4102	4146	4196	4031	4142	4643	0
4546	4990	4100	4150	4191	4034	4142	4645	0
4553	4995	4105	4155	4193	4032	4145	4643	0
4545	4984	4107	4151	4195	4025	4143	4642	0
4543	4986	4102	4154	4188	4031	4137	4644	0
4560	4997	4106	4162	4201	4040	4147	4644	0
4570	4995	4113	4161	4216	4036	4155	4644	0
4565	4990	4109	4153	4209	4036	4148	4641	0
4558	4991	4102	4148	4200	4038	4143	4641	0
4568	4986	4103	4144	4206	4036	4147	4644	0
4578	4984	4105	4146	4211	4034	4149	4643	0
4568	4993	4110	4153	4201	4035	4147	4642	0
4555	4991	4110	4155	4185	4036	4142	4643	0
4559	4984	4107	4152	4189	4037	4142	4643	0
4568	4986	4110	4150	4204	4037	4150	4643	0
4570	4984	4112	4148	4200	4034	4149	4640	0
4569	4983	4107	4149	4193	4034	4144	4639	0
4563	4989	4105	4153	4197	4035	4150	4642	0
4564	4994	4109	4159	4196	4035	4156	4647	0
4577	4995	4114	4160	4205	4038	4160	4649	0
4580	4988	4112	4154	4214	4036	4157	4644	0
4569	4977	4099	4144	4197	4033	4146	4639	0
4566	4976	4093	4143	4189	4033	4143	4641	0
4574	4984	4104	4150	4208	4035	4153	4642	0
4574	4985	4107	4150	4203	4034	4151	4641	0
4563	4983	4099	4143	4178	4032	4137	4639	0
4563	4987	4101	4146	4187	4034	4141	4640	0
4589	4995	4120	4158	4216	4038	4159	4647	0
4600	4995	4126	4157	4223	4040	4164	4651	0
4572	4986	4106	4148	4200	4036	4148	4646	0
4562	4987	4098	4152	4185	4031	4140	4641	0
4575	4983	4106	4151	4198	4029	4145	4640	0
4578	4972	4102	4139	4207	4030	4145	4638	0
4576	4981	4095	4142	4192	4033	4141	4639	0
4581	4994	4097	4154	4178	4033	4137	4639	0
4581	4991	4101	4156	4195	4035	4145	4641	0
4580	4983	4104	4148	4217	4037	4156	4647	0
4580	4986	4107	4145	4205	4035	4151	4646	0
4581	4992	4104	4151	4180	4032	4139	4639	0
4592	4995	4107	4156	4185	4035	4144	4643	0
4589	4987	4109	4146	4198	4033	4150	4645	0
4569	4974	4098	4134	4189	4029	4142	4640	0
4569	4973	4095	4136	4186	4030	4140	4639	0
4582	4978	4102	4143	4190	4031	4144	4640	0
4587	4985	4110	4147	4196	4029	4146	4637	0
4586	4987	4110	4147	4201	4032	4150	4640	0
4585	4991	4107	4151	4192	4033	4148	4642	0
4594	5000	4113	4160	4198	4033	4150	4643	0
4610	5000	4126	4160	4228	4036	4163	4653	0
4607	4991	4124	4151	4223	4038	4165	4657	0
4592	4991	4110	4150	4181	4034	4147	4646	0
4597	5004	4111	4160	4181	4034	4145	4642	0
4610	5006	4123	4162	4211	4038	4162	4651	0
4593	4989	4116	4154	4201	4036	4155	4648	0
4575	4982	4102	4147	4184	4032	4138	4640	0
4589	4986	4106	4143	4205	4035	4149	4644	0
4596	4978	4111	4138	4214	4034	4157	4646	0
4585	4970	4106	4134	4192	4030	4143	4638	0
4589	4980	4112	4141	4194	4032	4145	4636	0
4603	4987	4119	4150	4209	4032	4156	4641	0
4593	4978	4109	4143	4194	4027	4145	4640	0
4582	4979	4101	4135	4174	4026	4131	4635	0
4586	4984	4106	4139	4185	4031	4138	4632	0
4587	4975	4104	4137	4196	4031	4142	4631	0
4571	4962	4086	4123	4176	4024	4126	4627	0
4571	4966	4084	4126	4163	4021	4119	4626	0
4593	4984	4104	4146	4183	4028	4134	4634	0
4587	4988	4104	4145	4191	4033	4140	4640	0
4563	4977	4088	4130	4177	4028	4131	4634	0
4572	4978	4096	4137	4186	4026	4136	4633	0
4588	4988	4111	4151	4197	4028	4145	4639	0
4581	4987	4106	4145	4182	4029	4137	4635	0
4583	4983	4104	4140	4177	4027	4136	4630	0
4590	4984	4108	4142	4193	4027	4145	4633	0
4578	4981	4105	4137	4192	4029	4144	4637	0
4578	4982	4109	4137	4190	4030	4145	4640	0
4593	4986	4115	4146	4197	4029	4151	4641	0
4593	4983	4106	4146	4191	4025	4144	4635	0
4589	4976	4098	4141	4188	4024	4138	4633	0
4593	4978	4104	4141	4202	4029	4146	4640	0
4586	4984	4104	4145	4192	4030	4143	4642	0
4574	4983	4096	4143	4170	4027	4132	4635	0
4580	4978	4099	4138	4176	4026	4133	4630	0
4590	4984	4112	4141	4192	4027	4140	4632	0
4590	4992	4115	4152	4194	4027	4144	4635	0
4588	4992	4111	4153	4192	4031	4145	4640	0
4585	4984	4105	4144	4194	4031	4142	4640	0
4590	4982	4104	4145	4199	4028	4141	4636	0
4596	4988	4104	4154	4193	4026	4141	4636	0
4585	4986	4098	4150	4176	4028	4135	4637	0
4573	4974	4096	4136	4177	4029	4134	4635	0
4577	4975	4100	4137	4184	4026	4134	4635	0
4591	4989	4109	4152	4187	4024	4135	4634	0
4596	4990	4116	4154	4203	4027	4146	4634	0
4585	4977	4107	4138	4198	4026	4144	4634	0
4571	4971	4094	4131	4170	4019	4121	4626	0
4578	4979	4101	4141	4173	4022	4121	4625	0
4593	4987	4115	4151	4197	4029	4144	4634	0
4592	4986	4114	4148	4197	4027	4145	4635	0
4586	4984	4109	4141	4187	4022	4132	4630	0
4590	4986	4109	4147	4193	4026	4137	4634	1
4596	4990	4114	4157	4209	4031	4149	4641	1
4595	4991	4111	4152	4204	4029	4145	4640	1
4589	4993	4105	4148	4184	4028	4136	4637	1
4592	4995	4111	4155	4192	4031	4145	4640	1
4603	4993	4121	4156	4217	4030	4157	4644	1
4598	4988	4113	4149	4202	4025	4148	4640	1
4585	4987	4104	4149	4178	4025	4134	4632	1
4587	4990	4108	4151	4203	4028	4144	4638	1
4589	4985	4109	4145	4211	4026	4148	4640	1
4579	4979	4098	4135	4176	4020	4127	4629	1
4584	4984	4100	4135	4174	4022	4122	4629	1
4591	4986	4111	4144	4204	4027	4139	4638	1
4576	4982	4105	4146	4192	4025	4137	4634	1
4571	4984	4097	4143	4172	4021	4125	4627	1
4589	4990	4105	4150	4184	4021	4128	4630	1
4594	4989	4109	4153	4191	4022	4133	4632	1
4586	4986	4105	4146	4186	4023	4132	4630	1
4591	4988	4108	4145	4193	4025	4140	4633	1
4598	4988	4114	4151	4211	4029	4152	4642	1
4593	4991	4114	4151	4213	4030	4151	4645	1
4585	4987	4105	4145	4201	4025	4138	4636	1
4572	4974	4091	4134	4184	4022	4129	4627	1
4577	4975	4096	4136	4182	4022	4132	4631	1
4602	4990	4116	4155	4207	4025	4149	4643	1
4606	4992	4118	4158	4220	4028	4157	4645	1
4586	4986	4106	4140	4199	4027	4143	4639	1
4581	4987	4107	4137	4187	4024	4139	4638	1
4582	4987	4108	4144	4194	4025	4145	4641	1
4580	4986	4102	4141	4190	4025	4140	4638	1
4589	4991	4107	4144	4192	4025	4140	4640	1
4593	4990	4112	4151	4200	4027	4143	4641	1
4587	4987	4110	4151	4193	4025	4138	4639	1
4600	4997	4123	4159	4211	4026	4151	4643	1
4618	5012	4139	4170	4237	4031	4172	4651	1
4602	5005	4126	4161	4214	4029	4160	4648	1
4585	4984	4110	4148	4198	4026	4146	4641	1
4602	4984	4123	4152	4229	4029	4166	4645	1
4608	4997	4130	4156	4229	4029	4172	4649	1
4591	4994	4114	4150	4189	4023	4146	4642	1
4581	4985	4106	4149	4182	4023	4134	4633	1
4581	4991	4109	4151	4199	4026	4146	4636	1
4575	4994	4103	4143	4193	4027	4144	4642	1
4567	4985	4095	4136	4183	4025	4135	4640	1
4575	4986	4105	4145	4197	4025	4143	4637	1
4594	4996	4117	4157	4214	4026	4154	4641	1
4595	4995	4110	4150	4207	4025	4150	4644	1
4579	4986	4101	4141	4193	4024	4140	4641	1
4578	4986	4107	4143	4190	4023	4139	4637	1
4586	4990	4112	4144	4194	4025	4143	4638	1
4586	4990	4106	4141	4201	4028	4145	4640	1
4586	4989	4104	4145	4192	4025	4142	4637	1
4595	4998	4113	4154	4189	4024	4145	4636	1
4604	5003	4117	4154	4214	4026	4154	4641	1
4595	4996	4110	4146	4224	4028	4153	4641	1
4596	5000	4113	4152	4215	4028	4148	4640	1
4616	5013	4124	4168	4220	4029	4155	4642	1
4608	5007	4118	4159	4218	4028	4154	4645	1
4580	4997	4105	4142	4198	4027	4143	4644	1
4590	5000	4103	4146	4198	4024	4142	4640	1
4605	4993	4107	4146	4212	4021	4146	4638	1
4578	4986	4102	4140	4198	4021	4141	4641	1
4570	4997	4105	4147	4185	4023	4140	4641	1
4603	5004	4121	4161	4207	4026	4151	4641	1
4609	4994	4123	4152	4223	4028	4156	4641	1
4583	4989	4108	4140	4207	4026	4149	4645	1
4583	4994	4106	4145	4202	4025	4151	4647	1
4600	4994	4116	4155	4215	4030	4158	4645	1
4592	4994	4118	4154	4211	4028	4153	4643	1
4583	5002	4116	4152	4206	4024	4146	4644	1
4596	5010	4123	4165	4210	4027	4150	4646	1
4602	5012	4126	4171	4205	4029	4151	4643	1
4586	5005	4114	4156	4200	4025	4143	4640	1
4573	4994	4107	4142	4210	4025	4147	4647	1
4578	4997	4114	4146	4215	4029	4157	4651	1
4592	5003	4122	4156	4212	4028	4159	4649	1
4594	4994	4114	4153	4211	4026	4155	4646	1
4581	4988	4105	4141	4199	4024	4143	4642	1
4567	4994	4105	4141	4189	4024	4137	4642	1
4575	4992	4108	4147	4203	4025	4150	4644	1
4596	4986	4114	4150	4216	4024	4156	4641	1
4591	4989	4113	4143	4205	4023	4145	4637	1
4569	4987	4106	4135	4197	4023	4142	4641	1
4570	4984	4109	4139	4205	4024	4150	4642	1
4590	4997	4122	4153	4211	4025	4156	4641	1
4596	5003	4122	4154	4213	4024	4154	4643	1
4586	4986	4111	4141	4207	4022	4148	4641	1
4582	4982	4116	4144	4209	4023	4155	4643	1
4592	4997	4129	4157	4223	4025	4166	4647	1
4596	4998	4126	4154	4217	4022	4158	4643	1
4581	4990	4116	4145	4196	4021	4147	4639	1
4571	4990	4116	4145	4191	4022	4146	4639	1
4584	4991	4121	4146	4204	4022	4145	4636	1
4585	4986	4119	4142	4211	4024	4147	4637	1
4566	4983	4111	4134	4204	4021	4149	4641	1
4568	4983	4109	4134	4196	4017	4142	4633	1
4581	4988	4111	4143	4198	4020	4138	4631	1
4572	4994	4109	4145	4208	4024	4144	4641	1
4576	5001	4117	4149	4215	4023	4153	4644	1
4590	5000	4127	4154	4211	4020	4155	4636	1
4575	4989	4116	4143	4209	4022	4149	4637	1
4559	4983	4109	4134	4217	4023	4146	4643	1
4565	4990	4116	4145	4204	4021	4143	4639	1
4571	4997	4118	4151	4186	4021	4141	4634	1
4570	4995	4111	4145	4190	4021	4143	4635	1
4564	4989	4105	4140	4200	4018	4141	4638	1
4563	4987	4104	4140	4201	4019	4138	4640	1
4576	4993	4114	4149	4209	4022	4148	4640	1
4585	4998	4123	4153	4218	4023	4155	4641	1
4573	4993	4114	4146	4205	4023	4145	4641	1
4560	4992	4108	4145	4193	4025	4140	4642	1
4567	4992	4112	4145	4207	4024	4148	4642	1
4584	4991	4116	4143	4217	4024	4153	4643	1
4586	4998	4122	4153	4204	4028	4149	4643	1
4570	5000	4121	4157	4201	4027	4147	4642	1
4569	4992	4117	4144	4216	4022	4150	4641	1
4580	4988	4116	4137	4205	4022	4147	4637	1
4568	4984	4109	4139	4181	4020	4134	4633	1
4554	4984	4103	4139	4184	4017	4131	4636	1
4561	4990	4111	4140	4197	4018	4139	4640	1
4566	4993	4115	4141	4197	4023	4144	4639	1
4565	4998	4114	4149	4200	4024	4145	4641	1
4573	5004	4117	4154	4208	4023	4146	4647	1
4576	4988	4111	4140	4208	4023	4146	4648	1
4570	4978	4107	4130	4213	4025	4149	4646	1
4570	4990	4112	4141	4214	4024	4148	4646	1
4564	4993	4113	4144	4193	4022	4137	4642	1
4558	4988	4107	4140	4189	4021	4136	4639	1
4570	4994	4113	4146	4212	4018	4144	4641	1
4579	5002	4119	4150	4213	4017	4142	4641	1
4564	4999	4111	4146	4190	4020	4136	4640	1
4557	4992	4108	4143	4184	4023	4133	4640	1
4568	4987	4112	4139	4193	4019	4132	4637	1
4570	4982	4112	4134	4200	4016	4138	4637	1
4569	4987	4115	4138	4212	4021	4149	4644	1
4578	5006	4127	4153	4215	4024	4151	4649	1
4574	5007	4124	4156	4204	4022	4144	4645	1
4562	4989	4110	4143	4206	4021	4140	4640	1
4564	4992	4109	4143	4210	4021	4143	4642	1
4569	5006	4116	4155	4199	4017	4143	4644	1
4572	4998	4119	4154	4197	4017	4141	4643	1
4572	4990	4114	4147	4205	4020	4141	4642	1
4566	4993	4113	4144	4209	4022	4146	4645	1
4570	4997	4119	4148	4208	4021	4149	4643	1
4578	4996	4116	4147	4198	4018	4137	4640	1
4576	4992	4109	4141	4184	4021	4127	4640	1
4581	4995	4114	4147	4193	4025	4142	4643	1
4592	4997	4121	4153	4215	4024	4154	4645	1
4587	4989	4112	4142	4212	4019	4142	4644	1
4585	4987	4105	4135	4198	4019	4132	4640	1
4602	4998	4116	4148	4207	4022	4146	4642	1
4608	5009	4128	4158	4215	4020	4151	4647	1
4601	5011	4127	4157	4201	4018	4142	4645	1
4597	5008	4123	4151	4200	4021	4142	4642	1
4595	5007	4126	4153	4223	4024	4153	4652	1
4596	5009	4129	4158	4225	4025	4158	4658	1
4598	5009	4123	4155	4207	4024	4151	4649	1
4597	5007	4119	4153	4203	4024	4149	4648	1
4593	5006	4121	4153	4211	4025	4152	4654	1
4590	5006	4117	4152	4209	4024	4149	4649	1
4594	5010	4116	4158	4208	4024	4146	4649	1
4609	5021	4132	4171	4231	4027	4161	4661	1
4620	5028	4147	4176	4253	4028	4178	4663	1
4611	5027	4143	4176	4238	4026	4171	4658	1
4599	5021	4130	4171	4220	4031	4161	4657	1
4601	5022	4124	4163	4226	4034	4160	4659	1
4606	5029	4127	4166	4228	4028	4156	4658	1
4604	5026	4132	4171	4224	4031	4155	4660	1
4600	5020	4130	4172	4228	4033	4161	4660	1
4596	5016	4126	4164	4218	4027	4155	4655	1
4589	5012	4124	4157	4208	4027	4150	4654	1
4592	5011	4128	4161	4225	4030	4158	4654	1
4596	5012	4127	4163	4226	4022	4155	4649	1
4576	5009	4112	4153	4196	4019	4136	4642	1
4569	5005	4107	4147	4207	4026	4140	4649	1
4594	5011	4125	4160	4241	4029	4160	4661	1
4602	5021	4131	4166	4223	4028	4153	4657	1
4580	5024	4118	4160	4197	4029	4139	4652	1
4572	5015	4111	4154	4202	4028	4137	4654	1
4577	5007	4111	4153	4201	4022	4130	4649	1
4573	5008	4112	4153	4196	4020	4127	4645	1
4571	5010	4115	4154	4209	4023	4137	4651	1
4570	5003	4109	4147	4210	4023	4136	4650	1
4567	4990	4104	4134	4202	4021	4130	4647	1
4577	4998	4114	4140	4217	4025	4149	4656	1
4586	5012	4124	4156	4232	4032	4165	4663	1
4570	5004	4116	4153	4220	4030	4152	4655	1
4561	4995	4110	4147	4201	4021	4137	4647	1
4567	5008	4114	4154	4195	4022	4134	4645	1
4562	5012	4112	4156	4193	4025	4128	4641	1
4562	5004	4109	4154	4191	4021	4126	4638	1
4565	5007	4103	4151	4187	4018	4122	4638	1
4546	5006	4089	4140	4177	4019	4112	4637	1
4544	4998	4089	4132	4189	4020	4118	4641	1
4559	5002	4102	4141	4212	4023	4137	4647	1
4560	5007	4109	4153	4212	4027	4146	4651	1
4565	5004	4113	4154	4204	4025	4149	4656	1
4580	5006	4122	4152	4205	4026	4155	4658	1
4578	5013	4129	4155	4213	4033	4165	4657	1
4572	5012	4127	4160	4212	4032	4164	4659	1
4568	5004	4112	4149	4196	4023	4147	4651	1
4557	4996	4104	4137	4186	4021	4134	4642	1
4567	5007	4115	4150	4196	4026	4142	4647	1
4589	5020	4126	4164	4209	4026	4149	4652	1
4585	5018	4120	4157	4211	4024	4148	4650	1
4576	5015	4114	4151	4204	4025	4147	4648	1
4591	5020	4122	4162	4205	4026	4149	4652	1
4613	5022	4135	4170	4224	4028	4161	4660	1
4607	5023	4136	4165	4225	4026	4168	4661	1
4590	5022	4129	4161	4209	4025	4164	4660	1
4595	5020	4132	4165	4214	4030	4162	4662	1
4607	5025	4140	4171	4225	4031	4163	4662	1
4599	5022	4134	4166	4220	4023	4159	4655	1
4590	5008	4124	4155	4214	4021	4152	4648	1
4595	5006	4123	4153	4208	4026	4151	4648	1
4593	5009	4121	4152	4197	4025	4149	4649	1
4583	5005	4114	4146	4203	4021	4149	4647	1
4571	4997	4110	4141	4207	4021	4149	4646	1
4572	4998	4116	4143	4204	4023	4148	4651	1
4590	5002	4127	4150	4207	4025	4152	4654	1
4592	5007	4130	4155	4204	4026	4152	4651	1
4578	5011	4126	4156	4199	4024	4150	4651	1
4574	5008	4124	4154	4206	4022	4153	4654	1
4577	5002	4125	4151	4210	4024	4155	4655	1
4578	5007	4128	4158	4210	4027	4161	4656	1
4588	5015	4134	4167	4224	4028	4170	4661	1
4592	5007	4131	4160	4225	4025	4166	4659	1
4585	5004	4125	4154	4222	4025	4162	4655	1
4585	5011	4129	4165	4226	4026	4169	4658	1
4581	5006	4124	4162	4203	4022	4156	4651	1
4564	4993	4111	4146	4177	4019	4135	4641	1
4557	4994	4111	4147	4197	4024	4146	4647	1
4564	5004	4115	4155	4212	4026	4158	4656	1
4574	5006	4115	4154	4195	4023	4149	4653	1
4579	5002	4117	4154	4193	4020	4146	4651	1
4567	4993	4111	4151	4196	4018	4146	4649	1
4552	4983	4102	4141	4183	4016	4140	4642	1
4560	4985	4109	4141	4192	4016	4143	4642	1
4569	4995	4116	4152	4210	4016	4154	4650	1
4571	4998	4120	4156	4211	4019	4159	4654	1
4587	5000	4128	4160	4222	4023	4163	4655	1
4592	5009	4125	4167	4231	4026	4166	4657	1
4579	5014	4117	4167	4205	4025	4159	4657	1
4573	5007	4113	4162	4189	4023	4152	4650	1
4577	5005	4114	4160	4205	4023	4151	4647	1
4582	5009	4114	4163	4200	4019	4149	4648	1
4581	5010	4116	4167	4191	4018	4152	4650	1
4582	5012	4122	4170	4212	4025	4163	4654	1
4581	5012	4123	4168	4217	4026	4161	4652	1
4581	5008	4121	4162	4214	4023	4159	4650	1
4583	5004	4123	4163	4222	4024	4166	4656	1
4586	5004	4125	4167	4224	4027	4168	4661	1
4597	5006	4128	4165	4230	4024	4169	4657	1
4598	5009	4131	4165	4232	4019	4170	4652	1
4587	5012	4130	4171	4206	4021	4162	4653	1
4586	5015	4131	4177	4201	4025	4162	4656	1
4601	5016	4141	4179	4231	4027	4173	4660	1
4601	5014	4133	4174	4223	4023	4166	4653	1
4587	5010	4120	4168	4196	4021	4152	4646	1
4591	5009	4126	4170	4221	4025	4163	4652	1
4590	5010	4128	4169	4242	4028	4173	4657	1
4592	5016	4127	4170	4226	4026	4173	4657	1
4609	5020	4140	4179	4226	4024	4176	4658	1
4606	5017	4141	4182	4230	4027	4172	4658	1
4590	5019	4136	4180	4224	4032	4169	4660	1
4601	5022	4144	4184	4247	4034	4188	4667	1
4611	5018	4145	4184	4261	4030	4194	4669	1
4595	5007	4127	4170	4221	4022	4164	4656	1
4586	5000	4120	4165	4194	4016	4145	4648	1
4591	5009	4131	4173	4213	4022	4161	4654	1
4598	5022	4142	4181	4243	4030	4182	4666	1
4612	5024	4150	4189	4256	4030	4188	4668	1
4614	5020	4144	4190	4239	4028	4179	4662	1
4602	5017	4135	4182	4220	4028	4170	4657	1
4604	5022	4137	4182	4231	4030	4172	4660	1
4613	5028	4140	4190	4243	4030	4173	4661	1
4610	5024	4129	4186	4242	4031	4170	4661	1
4598	5020	4124	4180	4241	4031	4170	4664	1
4591	5027	4129	4189	4222	4030	4162	4663	1
4590	5028	4127	4189	4206	4027	4153	4657	1
4593	5010	4124	4173	4220	4026	4180	4656	1
4590	4990	4123	4159	4222	4025	4208	4656	1
4581	4987	4118	4153	4211	4023	4207	4654	1
4580	4993	4118	4157	4220	4027	4200	4653	1
4584	4993	4121	4161	4220	4025	4200	4650	1
4588	4994	4117	4160	4207	4020	4194	4650	1
4594	5007	4122	4173	4215	4024	4191	4654	1
4598	5010	4130	4180	4227	4026	4194	4655	1
4589	4994	4117	4155	4214	4021	4179	4648	1
4587	4989	4110	4148	4220	4022	4173	4648	1
4596	5006	4123	4170	4241	4025	4190	4660	1
4592	5013	4125	4175	4224	4024	4189	4662	1
4588	5006	4122	4167	4205	4029	4176	4657	1
4600	5006	4129	4172	4223	4033	4184	4660	1
4606	5005	4131	4172	4236	4027	4193	4664	1
4592	4998	4124	4165	4225	4025	4181	4660	1
4588	5003	4123	4166	4218	4027	4170	4651	1
4603	5010	4128	4173	4221	4025	4170	4651	1
4600	5003	4125	4172	4218	4022	4170	4653	1
4583	4998	4121	4167	4212	4021	4169	4654	1
4586	5006	4125	4169	4217	4023	4171	4655	1
4597	5007	4129	4172	4227	4026	4171	4653	1
4595	5004	4124	4171	4222	4029	4163	4655	1
4590	5006	4121	4170	4214	4025	4160	4657	1
4597	5008	4124	4171	4214	4022	4163	4653	1
4612	5010	4131	4171	4217	4025	4168	4653	1
4608	5012	4134	4174	4226	4028	4172	4660	1
4594	5007	4129	4175	4233	4027	4173	4660	1
4607	5009	4133	4177	4242	4027	4176	4660	1
4632	5024	4150	4191	4256	4027	4185	4667	1
4619	5025	4148	4192	4247	4024	4181	4666	1
4588	5010	4126	4175	4217	4024	4161	4657	1
4587	5004	4116	4168	4200	4023	4150	4654	1
4603	5009	4123	4174	4219	4024	4161	4660	1
4609	5012	4133	4177	4260	4030	4181	4669	1
4606	5014	4137	4174	4252	4029	4178	4667	1
4607	5019	4133	4175	4211	4021	4161	4658	1
4612	5026	4135	4182	4216	4024	4166	4660	1
4614	5023	4143	4188	4241	4030	4176	4665	1
4603	5008	4131	4176	4221	4025	4160	4656	1
4589	5002	4117	4162	4211	4022	4151	4651	1
4600	5010	4129	4172	4239	4026	4167	4657	1
4614	5017	4142	4186	4241	4026	4170	4658	1
4602	5012	4127	4177	4207	4021	4154	4650	1
4590	5004	4113	4164	4201	4022	4146	4647	1
4600	5006	4127	4168	4234	4027	4162	4657	1
4602	5010	4135	4175	4240	4025	4172	4662	1
4586	5004	4118	4166	4209	4020	4150	4648	1
4583	5004	4107	4165	4198	4022	4135	4644	1
4596	5012	4117	4175	4212	4025	4149	4655	1
4600	5011	4124	4172	4222	4024	4162	4659	1
4593	5002	4117	4164	4232	4025	4160	4656	1
4590	5003	4112	4165	4232	4027	4155	4657	1
4588	5006	4113	4167	4214	4024	4150	4655	1
4595	5001	4116	4165	4216	4025	4151	4653	1
4608	5002	4120	4166	4230	4026	4157	4655	1
4600	5007	4117	4167	4220	4023	4154	4655	1
4591	5009	4120	4170	4221	4024	4158	4658	1
4615	5012	4132	4175	4245	4028	4170	4662	1
4622	5014	4133	4175	4236	4026	4165	4661	1
4595	5010	4122	4169	4205	4021	4150	4657	1
4598	5007	4123	4167	4209	4023	4151	4656	1
4624	5014	4129	4177	4230	4026	4158	4657	1
4622	5020	4127	4183	4240	4026	4163	4659	1
4609	5017	4123	4174	4240	4026	4164	4662	1
4607	5010	4120	4169	4231	4027	4155	4662	1
4604	5007	4118	4172	4221	4030	4153	4661	1
4609	5011	4123	4173	4227	4028	4163	4662	1
4613	5009	4127	4167	4237	4025	4163	4663	1
4598	5003	4119	4162	4225	4026	4152	4659	1
4595	5002	4115	4163	4211	4026	4148	4655	1
4616	5005	4127	4169	4225	4023	4158	4657	1
4618	5008	4132	4170	4234	4023	4162	4660	1
4600	5006	4123	4167	4216	4025	4149	4656	1
4597	5003	4117	4169	4206	4022	4142	4654	1
4606	5000	4122	4172	4211	4018	4151	4656	1
4604	4998	4122	4167	4215	4019	4153	4656	1
4601	4995	4122	4158	4226	4024	4152	4656	1
4598	4994	4123	4159	4226	4021	4155	4656	1
4600	5003	4125	4167	4210	4021	4154	4656	1
4611	5010	4133	4171	4217	4027	4161	4660	1
4618	5013	4141	4171	4235	4026	4167	4663	1
4606	5004	4129	4163	4228	4019	4154	4658	1
4591	4985	4110	4149	4209	4017	4138	4651	1
4589	4983	4109	4149	4201	4020	4141	4650	1
4584	4995	4110	4155	4190	4018	4141	4649	1
4578	4991	4102	4149	4178	4015	4127	4643	1
4588	4987	4103	4149	4189	4017	4131	4644	1
4597	4999	4116	4159	4214	4021	4152	4656	1
4596	5001	4124	4156	4235	4022	4165	4661	1
4607	4998	4127	4159	4236	4023	4164	4662	1
4617	5005	4132	4169	4228	4025	4162	4662	1
4613	5004	4136	4166	4238	4027	4169	4664	1
4613	5003	4140	4164	4248	4026	4173	4668	1
4618	5008	4141	4174	4228	4023	4166	4665	1
4616	5012	4139	4176	4205	4024	4160	4658	1
4614	5014	4136	4169	4209	4023	4162	4660	1
4610	5009	4130	4168	4222	4020	4162	4663	1
4601	5000	4121	4164	4224	4023	4159	4661	1
4599	5002	4120	4162	4219	4027	4156	4660	1
4615	5013	4133	4172	4222	4026	4162	4663	1
4616	5010	4138	4174	4230	4025	4168	4663	1
4609	5007	4134	4170	4233	4027	4167	4666	1
4628	5020	4142	4180	4239	4027	4172	4671	1
4645	5028	4156	4186	4245	4030	4181	4674	1
4634	5027	4156	4175	4255	4033	4186	4675	1
4627	5023	4147	4172	4264	4030	4188	4675	1
4628	5016	4142	4177	4243	4025	4176	4668	1
4620	5008	4137	4170	4217	4025	4161	4660	1
4612	5009	4133	4165	4225	4025	4166	4663	1
4611	5011	4134	4170	4237	4024	4172	4665	1
4608	5007	4134	4169	4221	4023	4158	4659	1
4607	5007	4133	4167	4210	4022	4154	4656	1
4611	5008	4134	4169	4230	4022	4166	4659	1
4623	5009	4138	4170	4241	4023	4168	4660	1
4623	5011	4135	4171	4226	4024	4161	4660	1
4613	5010	4131	4168	4217	4023	4161	4660	1
4622	5005	4138	4169	4230	4024	4172	4662	1
4628	5010	4139	4173	4231	4027	4168	4667	1
4612	5021	4129	4172	4220	4025	4156	4666	1
4602	5020	4124	4169	4226	4023	4155	4663	1
4600	5006	4121	4169	4224	4024	4155	4658	1
4600	4996	4122	4164	4225	4026	4156	4658	1
4610	4998	4130	4161	4246	4026	4166	4662	1
4609	5000	4127	4161	4231	4023	4162	4657	1
4600	5002	4122	4163	4197	4022	4150	4653	1
4616	5013	4138	4173	4220	4027	4166	4665	1
4629	5020	4149	4180	4247	4029	4177	4671	1
4615	5016	4135	4171	4220	4025	4164	4663	1
4620	5016	4132	4167	4220	4025	4164	4665	1
4645	5020	4147	4174	4252	4027	4179	4673	1
4644	5018	4147	4174	4249	4027	4177	4671	1
4625	5013	4132	4165	4236	4035	4174	4675	1
4635	5017	4131	4169	4254	4039	4183	4683	1
4661	5026	4141	4180	4275	4032	4188	4680	1
4645	5022	4137	4177	4263	4032	4183	4674	1
4617	5019	4126	4169	4247	4038	4174	4673	1
4626	5026	4128	4170	4255	4037	4176	4674	1
4635	5030	4134	4172	4251	4038	4175	4673	1
4629	5034	4133	4175	4231	4043	4171	4673	1
4637	5037	4135	4180	4240	4045	4176	4677	1
4647	5030	4137	4175	4256	4045	4180	4677	1
4634	5022	4125	4167	4244	4041	4171	4670	1
4620	5021	4116	4165	4235	4039	4168	4670	1
4626	5028	4122	4166	4247	4045	4177	4680	1
4633	5032	4125	4166	4244	4043	4173	4677	1
4629	5029	4120	4169	4231	4034	4163	4665	1
4631	5031	4124	4173	4240	4033	4168	4663	1
4647	5038	4136	4176	4256	4036	4180	4669	1
4655	5038	4144	4177	4266	4033	4186	4667	1
4654	5036	4145	4181	4265	4032	4189	4668	1
4662	5041	4148	4187	4277	4037	4195	4676	1
4668	5044	4147	4186	4287	4039	4195	4678	1
4654	5046	4138	4179	4263	4040	4187	4677	1
4631	5044	4129	4178	4230	4036	4177	4675	1
4634	5037	4130	4180	4245	4030	4180	4671	1
4657	5036	4137	4179	4282	4031	4192	4673	1
4646	5029	4133	4172	4258	4031	4182	4668	1
4614	5012	4122	4162	4226	4024	4166	4660	1
4622	5005	4128	4162	4253	4022	4181	4663	1
4655	5017	4140	4170	4280	4023	4196	4667	1
4646	5026	4136	4174	4248	4021	4182	4663	1
4617	5025	4129	4171	4221	4021	4173	4661	1
4635	5028	4137	4183	4247	4022	4185	4662	1
4668	5031	4143	4190	4268	4020	4186	4662	1
4644	5022	4125	4172	4244	4021	4171	4662	1
4607	5023	4114	4165	4217	4025	4167	4662	1
4626	5038	4134	4182	4240	4029	4186	4669	1
4652	5041	4149	4191	4271	4028	4199	4675	1
4644	5034	4142	4184	4265	4028	4195	4672	1
4636	5031	4135	4181	4256	4030	4194	4670	1
4643	5030	4137	4183	4266	4025	4196	4670	1
4645	5030	4139	4186	4274	4023	4198	4670	1
4650	5027	4141	4183	4271	4027	4200	4673	1
4646	5019	4137	4174	4267	4024	4195	4671	1
4628	5016	4127	4175	4250	4020	4182	4661	1
4633	5026	4131	4182	4247	4024	4185	4660	1
4655	5032	4147	4186	4271	4028	4206	4669	1
4650	5026	4145	4183	4276	4027	4207	4671	1
4625	5014	4122	4166	4248	4021	4184	4663	1
4608	5006	4107	4149	4223	4016	4170	4657	1
4604	5005	4106	4149	4221	4017	4170	4658	1
4607	5007	4108	4157	4235	4018	4173	4657	1
4615	5014	4114	4165	4247	4016	4175	4656	1
4620	5013	4121	4172	4241	4016	4178	4655	1
4618	5008	4121	4170	4232	4020	4182	4655	1
4624	5015	4126	4168	4240	4022	4186	4659	1
4628	5019	4132	4171	4242	4018	4183	4659	1
4625	5003	4129	4166	4242	4018	4183	4656	1
4621	4995	4123	4155	4243	4022	4184	4656	1
4613	5006	4118	4152	4218	4018	4170	4656	1
4602	5005	4114	4152	4204	4016	4163	4656	1
4603	4995	4120	4152	4228	4023	4180	4657	1
4621	5002	4131	4162	4246	4025	4196	4660	1
4630	5013	4143	4172	4245	4024	4199	4661	1
4618	5006	4144	4168	4236	4027	4196	4655	1
4608	4996	4137	4164	4224	4024	4190	4649	1
4618	5003	4141	4167	4243	4024	4196	4655	1
4630	5011	4146	4171	4263	4023	4202	4662	1
4616	5005	4137	4163	4243	4023	4193	4658	1
4595	5000	4121	4153	4212	4015	4175	4652	1
4593	4998	4120	4152	4220	4014	4174	4652	1
4605	5000	4126	4156	4234	4018	4188	4656	1
4606	4998	4128	4153	4236	4018	4199	4661	1
4602	4998	4132	4152	4237	4020	4202	4661	1
4616	5014	4145	4169	4240	4017	4201	4659	1
4633	5029	4158	4187	4244	4014	4208	4662	1
4633	5022	4162	4186	4249	4017	4215	4663	1
4624	5013	4154	4174	4245	4016	4211	4660	1
4620	5018	4144	4167	4236	4005	4205	4662	1
4616	5009	4139	4170	4237	4002	4203	4665	1
4614	4996	4138	4171	4245	4010	4203	4663	1
4616	5009	4132	4157	4243	4009	4204	4665	1
4618	5027	4132	4151	4244	4005	4208	4676	1
4624	5029	4146	4166	4255	4009	4212	4677	1
4621	5021	4150	4172	4247	4011	4210	4664	1
4611	5016	4142	4165	4231	4008	4206	4658	1
4610	5020	4143	4165	4233	4006	4204	4658	1
4619	5020	4151	4174	4241	4007	4207	4653	1
4629	5021	4161	4182	4260	4009	4221	4660	1
4630	5028	4160	4188	4267	4013	4223	4669	1
4619	5027	4146	4184	4237	4010	4202	4662	1
4609	5021	4135	4176	4214	4006	4190	4654	1
4604	5025	4130	4170	4221	4007	4192	4659	1
4596	5020	4124	4167	4223	4014	4192	4664	1
4593	5006	4124	4166	4225	4017	4197	4665	1
4596	5002	4135	4166	4233	4014	4210	4670	1
4603	5005	4148	4174	4243	4014	4220	4675	1
4620	5011	4162	4188	4265	4018	4233	4677	1
4626	5022	4164	4191	4271	4019	4232	4673	1
4610	5023	4147	4177	4234	4012	4209	4660	1
4601	5016	4136	4170	4213	4006	4196	4653	1
4611	5015	4147	4173	4252	4013	4214	4667	1
4612	5019	4152	4173	4272	4020	4225	4674	1
4595	5015	4138	4168	4230	4015	4206	4663	1
4587	5013	4133	4167	4203	4012	4198	4660	1
4597	5020	4144	4169	4225	4016	4210	4670	1
4604	5020	4148	4168	4245	4017	4216	4670	1
4603	5012	4148	4170	4248	4015	4221	4669	1
4606	5011	4153	4173	4248	4014	4227	4671	1
4609	5011	4155	4170	4253	4013	4226	4670	1
4617	5015	4162	4175	4274	4016	4233	4674	1
4616	5022	4161	4185	4269	4019	4236	4677	1
4597	5017	4145	4175	4232	4014	4217	4669	1
4587	5014	4138	4167	4223	4012	4205	4665	1
4594	5022	4145	4172	4237	4014	4210	4667	1
4593	5020	4142	4169	4228	4012	4211	4662	1
4590	5016	4136	4162	4218	4010	4208	4660	1
4605	5028	4146	4169	4240	4015	4217	4670	1
4614	5028	4155	4173	4257	4019	4227	4676	1
4605	5018	4151	4165	4250	4017	4225	4673	1
4607	5026	4152	4171	4249	4017	4225	4674	1
4616	5036	4157	4185	4256	4017	4233	4676	1
4608	5027	4151	4177	4249	4015	4229	4670	1
4606	5024	4150	4170	4248	4013	4224	4666	1
4618	5036	4160	4182	4263	4013	4230	4669	1
4616	5038	4162	4187	4260	4013	4230	4669	1
4608	5031	4155	4177	4250	4013	4223	4668	1
4607	5027	4148	4169	4248	4013	4220	4664	1
4598	5025	4140	4164	4236	4012	4212	4658	1
4597	5031	4142	4166	4235	4013	4213	4661	1
4613	5040	4156	4173	4256	4017	4229	4671	1
4617	5032	4158	4169	4262	4020	4234	4675	1
4615	5029	4156	4168	4254	4018	4232	4673	1
4629	5047	4169	4182	4263	4022	4243	4679	1
4635	5051	4176	4188	4271	4023	4249	4684	1
4630	5043	4175	4186	4273	4021	4247	4685	1
4633	5051	4176	4187	4273	4023	4251	4689	1
4630	5055	4170	4188	4265	4023	4246	4692	1
4628	5038	4165	4184	4271	4020	4243	4692	1
4640	5037	4174	4190	4295	4020	4252	4693	1
4638	5053	4176	4196	4283	4021	4247	4692	1
4613	5045	4163	4186	4235	4015	4222	4682	1
4596	5026	4150	4170	4214	4009	4208	4673	1
4609	5031	4156	4174	4234	4017	4220	4680	1
4620	5038	4170	4186	4255	4020	4233	4685	1
4615	5031	4171	4185	4255	4012	4233	4681	1
4616	5032	4174	4182	4259	4018	4238	4681	1
4619	5042	4175	4187	4269	4024	4246	4687	1
4620	5041	4171	4188	4273	4025	4249	4692	1
4619	5036	4167	4184	4268	4023	4246	4691	1
4612	5035	4158	4183	4258	4020	4238	4688	1
4607	5029	4155	4186	4260	4027	4235	4694	1
4601	5022	4149	4178	4260	4021	4232	4691	1
4598	5026	4144	4173	4261	4017	4232	4690	1
4604	5035	4149	4181	4267	4028	4237	4695	1
4600	5033	4148	4182	4261	4023	4231	4690	1
4602	5028	4151	4178	4257	4024	4233	4694	1
4611	5031	4155	4180	4264	4027	4241	4700	1
4611	5030	4149	4176	4266	4024	4235	4695	1
4608	5026	4148	4172	4265	4027	4231	4694	1
4605	5024	4148	4173	4258	4023	4228	4691	1
4603	5027	4146	4174	4252	4022	4224	4686	1
4604	5033	4150	4177	4257	4026	4228	4689	1
4617	5036	4160	4178	4294	4027	4246	4700	1
4628	5033	4165	4176	4318	4027	4257	4700	1
4613	5037	4151	4174	4268	4022	4227	4682	1
4601	5045	4140	4180	4217	4021	4201	4675	1
4606	5041	4141	4179	4233	4021	4209	4680	1
4604	5025	4138	4164	4248	4020	4211	4677	1
4595	5017	4134	4156	4232	4022	4203	4673	1
4591	5021	4132	4161	4230	4018	4203	4674	1
4596	5025	4137	4162	4245	4018	4211	4680	1
4617	5031	4150	4166	4271	4023	4229	4690	1
4633	5042	4159	4178	4293	4027	4242	4694	1
4617	5038	4151	4176	4269	4024	4226	4686	1
4595	5022	4138	4160	4236	4022	4207	4678	1
4606	5023	4142	4162	4256	4026	4218	4684	1
4625	5032	4153	4175	4285	4027	4232	4691	1
4614	5025	4151	4173	4276	4024	4224	4690	1
4601	5018	4144	4163	4269	4024	4216	4685	1
4599	5021	4140	4158	4267	4020	4211	4681	1
4593	5021	4131	4159	4245	4017	4201	4675	1
4585	5018	4125	4157	4227	4016	4193	4671	1
4586	5013	4128	4155	4241	4015	4193	4673	1
4594	5010	4132	4157	4255	4016	4201	4676	1
4596	5016	4130	4162	4248	4020	4203	4677	1
4594	5014	4129	4163	4245	4017	4199	4678	1
4595	5010	4130	4160	4254	4013	4198	4677	1
4598	5018	4133	4161	4256	4018	4202	4676	1
4591	5021	4129	4161	4251	4023	4200	4678	1
4582	5008	4121	4151	4247	4017	4192	4676	1
4589	5010	4122	4150	4247	4015	4193	4673	1
4595	5024	4129	4158	4250	4021	4203	4676	1
4594	5024	4128	4158	4253	4022	4203	4678	1
4593	5017	4123	4152	4247	4015	4193	4675	1
4596	5018	4124	4156	4242	4014	4191	4674	1
4605	5026	4136	4165	4260	4017	4205	4683	1
4611	5033	4141	4167	4275	4023	4220	4689	1
4602	5034	4129	4165	4260	4021	4209	4680	1
4589	5022	4120	4160	4238	4015	4187	4670	1
4589	5015	4121	4154	4239	4016	4186	4671	1
4602	5021	4126	4154	4265	4018	4203	4679	1
4602	5014	4127	4153	4279	4015	4205	4678	1
4577	4998	4109	4144	4237	4006	4176	4661	1
4568	5004	4097	4144	4193	4006	4154	4651	1
4585	5018	4109	4154	4209	4014	4164	4658	1
4591	5016	4115	4154	4232	4012	4178	4662	1
4590	5010	4115	4150	4241	4013	4185	4663	1
4594	5007	4121	4147	4248	4020	4189	4669	1
4585	5009	4114	4145	4221	4017	4178	4665	1
4577	5014	4105	4147	4191	4012	4165	4658	1
4587	5014	4110	4147	4209	4015	4172	4662	1
4595	5007	4116	4139	4236	4019	4187	4666	1
4589	4997	4113	4132	4232	4014	4185	4662	1
4584	4990	4111	4135	4224	4012	4177	4657	1
4591	4993	4118	4142	4232	4017	4183	4660	1
4592	4997	4118	4138	4230	4014	4187	4659	1
4581	4988	4104	4130	4215	4008	4176	4654	1
4583	4988	4101	4137	4222	4013	4173	4657	1
4595	5005	4116	4151	4241	4020	4186	4667	1
4594	5010	4116	4152	4234	4012	4185	4666	1
4585	4994	4103	4142	4220	4001	4170	4656	1
4583	4987	4102	4137	4224	4005	4167	4652	1
4594	4997	4115	4144	4246	4013	4187	4660	1
4607	5007	4123	4154	4266	4014	4201	4667	1
4600	5006	4115	4154	4243	4012	4182	4660	1
4579	4997	4100	4143	4197	4010	4154	4647	1
4583	4996	4102	4142	4202	4010	4160	4650	1
4608	5010	4121	4157	4246	4014	4186	4663	1
4621	5020	4129	4167	4265	4020	4197	4667	3
4608	5011	4118	4158	4243	4021	4185	4663	3
4592	5002	4106	4146	4214	4016	4168	4660	3
4590	5003	4104	4142	4213	4016	4169	4662	3
4593	5004	4108	4145	4229	4020	4181	4666	3
4594	5001	4110	4148	4230	4018	4182	4663	3
4591	4995	4110	4145	4222	4017	4174	4661	3
4589	4995	4107	4142	4214	4016	4169	4658	3
4593	5002	4107	4145	4211	4014	4170	4655	3
4602	5006	4110	4149	4221	4015	4177	4656	3
4608	5006	4112	4149	4234	4018	4183	4660	3
4609	5005	4112	4146	4233	4018	4182	4663	3
4609	5003	4112	4147	4231	4020	4186	4664	3
4609	5002	4113	4149	4229	4022	4190	4666	3
4612	5004	4115	4151	4234	4023	4193	4663	3
4613	5010	4112	4149	4244	4020	4191	4666	3
4611	5011	4113	4150	4244	4020	4191	4666	3
4606	5008	4114	4150	4235	4019	4190	4661	3
4604	5003	4112	4147	4235	4018	4186	4661	3
4601	5000	4109	4144	4231	4020	4175	4655	3
4593	5002	4107	4142	4213	4015	4166	4645	3
4601	5010	4111	4145	4220	4015	4172	4651	3
4608	5014	4118	4153	4235	4021	4181	4661	3
4592	5006	4105	4145	4213	4016	4167	4651	3
4575	4997	4084	4128	4186	4009	4145	4640	3
4573	4998	4081	4129	4178	4010	4138	4644	3
4566	5001	4085	4135	4181	4014	4146	4651	3
4567	5001	4083	4129	4190	4013	4152	4650	3
4591	5000	4091	4127	4211	4012	4157	4649	3
4614	5007	4114	4143	4245	4020	4183	4662	3
4621	5028	4133	4163	4261	4027	4205	4675	3
4617	5041	4136	4166	4246	4027	4202	4673	3
4611	5028	4132	4155	4244	4023	4194	4669	3
4609	5022	4130	4157	4257	4023	4194	4668	3
4601	5028	4122	4163	4241	4020	4181	4663	3
4585	5017	4109	4153	4216	4014	4167	4657	3
4584	5007	4111	4147	4227	4015	4172	4657	3
4590	5010	4115	4149	4237	4015	4175	4657	3
4591	5007	4110	4146	4231	4015	4174	4658	3
4605	5008	4116	4151	4243	4018	4187	4665	3
4619	5020	4126	4159	4266	4019	4200	4669	3
4614	5023	4127	4158	4271	4023	4206	4671	3
4615	5024	4129	4160	4264	4027	4207	4673	3
4625	5031	4135	4165	4257	4028	4203	4673	3
4628	5033	4135	4162	4249	4027	4195	4671	3
4632	5033	4134	4160	4251	4025	4195	4670	3
4650	5041	4142	4170	4268	4025	4206	4674	3
4664	5050	4148	4177	4272	4029	4210	4676	3
4666	5052	4143	4172	4262	4030	4205	4675	3
4663	5040	4133	4162	4258	4029	4198	4673	3
4655	5024	4125	4157	4259	4023	4192	4666	3
4656	5030	4123	4161	4262	4022	4190	4667	3
4670	5045	4129	4167	4268	4027	4194	4674	3
4675	5043	4133	4166	4270	4027	4196	4674	3
4663	5030	4128	4160	4266	4025	4196	4671	3
4649	5025	4123	4157	4257	4025	4193	4670	3
4649	5027	4123	4158	4251	4027	4192	4671	3
4662	5035	4136	4164	4267	4031	4207	4677	3
4666	5040	4147	4170	4286	4033	4222	4683	3
4661	5027	4138	4163	4292	4032	4218	4683	3
4665	5016	4132	4158	4296	4033	4215	4684	3
4666	5023	4132	4161	4274	4030	4208	4681	3
4655	5029	4125	4165	4233	4026	4188	4672	3
4662	5032	4123	4168	4223	4025	4178	4666	3
4682	5029	4132	4173	4248	4025	4186	4667	3
4694	5030	4141	4177	4265	4029	4193	4672	3
4695	5033	4142	4180	4260	4031	4195	4674	3
4691	5029	4141	4176	4256	4030	4198	4672	3
4682	5021	4137	4167	4260	4031	4201	4672	3
4703	5023	4150	4169	4288	4036	4225	4680	3
4690	5014	4142	4167	4271	4030	4209	4673	3
4687	5013	4140	4169	4267	4031	4206	4674	3
4694	5018	4144	4172	4282	4032	4211	4674	3
4688	5021	4138	4172	4258	4029	4194	4667	3
4678	5027	4131	4177	4221	4027	4177	4665	3
4684	5038	4138	4187	4239	4031	4191	4671	3
4688	5035	4139	4181	4264	4035	4202	4673	3
4678	5020	4126	4165	4244	4032	4188	4669	3
4672	5009	4120	4157	4232	4033	4181	4670	3
4669	5001	4115	4155	4242	4034	4183	4669	3
4660	4995	4107	4149	4234	4027	4175	4663	3
4657	4992	4107	4144	4224	4024	4168	4658	3
4664	4988	4110	4143	4222	4025	4166	4655	3
4667	4984	4111	4144	4224	4026	4168	4655	3
4673	4986	4117	4149	4241	4027	4176	4656	3
4692	4982	4118	4145	4242	4022	4176	4655	3
4702	4972	4103	4133	4205	4016	4159	4649	3
4700	4975	4094	4133	4183	4016	4146	4643	3
4708	4990	4105	4145	4206	4022	4156	4650	3
4713	4991	4113	4146	4223	4029	4169	4657	3
4702	4983	4103	4140	4207	4027	4161	4651	3
4695	4985	4100	4143	4196	4025	4155	4646	3
4702	4992	4109	4151	4209	4028	4168	4654	3
4704	4990	4112	4151	4222	4030	4178	4660	3
4705	4984	4114	4146	4223	4030	4176	4658	3
4710	4988	4119	4148	4221	4028	4171	4656	3
4709	4992	4117	4151	4218	4027	4169	4656	3
4700	4989	4113	4148	4212	4026	4166	4654	3
4699	4989	4114	4150	4217	4029	4168	4656	3
4707	4993	4118	4152	4228	4033	4175	4662	3
4712	4997	4116	4149	4223	4031	4176	4661	3
4722	5004	4112	4155	4216	4030	4175	4662	3
4730	5016	4116	4167	4225	4030	4177	4668	3
4744	5020	4117	4166	4224	4030	4173	4666	3
4935	5005	4116	4155	4227	4034	4178	4665	3
4954	5017	4124	4168	4237	4041	4183	4667	3
4994	5039	4141	4188	4257	4043	4198	4671	3
5023	5040	4142	4188	4253	4038	4195	4670	3
5033	5028	4132	4175	4241	4034	4185	4665	3
5045	5028	4133	4176	4245	4033	4188	4663	3
5049	5030	4132	4176	4237	4034	4183	4662	3
5045	5020	4123	4164	4222	4032	4173	4660	3
5051	5014	4122	4160	4222	4031	4180	4660	3
5061	5016	4126	4163	4231	4034	4186	4665	3
5073	5015	4128	4159	4235	4038	4185	4670	3
5096	5014	4132	4162	4240	4040	4187	4672	3
5122	5020	4138	4174	4243	4040	4191	4674	3
5144	5029	4145	4181	4250	4038	4199	4676	3
5153	5031	4147	4178	4252	4035	4202	4675	3
5149	5021	4137	4171	4238	4031	4191	4668	3
5148	5013	4134	4167	4234	4032	4187	4667	3
5157	5017	4140	4171	4240	4032	4192	4668	3
5167	5017	4143	4171	4234	4034	4195	4667	3
5181	5012	4149	4169	4252	4038	4206	4674	3
5192	5010	4156	4170	4278	4042	4218	4685	3
5181	5013	4149	4171	4251	4041	4207	4682	3
5167	5017	4142	4170	4213	4035	4188	4672	3
5176	5023	4149	4176	4239	4039	4200	4677	3
5170	5024	4149	4177	4264	4046	4212	4681	3
5125	5016	4134	4166	4237	4047	4196	4675	3
5091	5014	4134	4164	4235	4046	4195	4676	3
5080	5021	4143	4173	4255	4043	4208	4677	3
5057	5025	4140	4171	4237	4040	4197	4669	3
5029	5014	4131	4160	4207	4036	4181	4659	3
5012	5001	4127	4151	4209	4037	4181	4658	3
4994	4996	4126	4147	4211	4036	4178	4660	3
4980	4998	4127	4148	4204	4031	4172	4658	3
4993	5004	4141	4156	4241	4036	4194	4671	3
4991	5006	4146	4160	4266	4044	4208	4681	3
4965	5009	4136	4159	4236	4040	4194	4676	3
4965	5012	4140	4162	4237	4040	4196	4676	3
4967	5012	4141	4158	4244	4042	4198	4677	3
4931	5014	4125	4153	4194	4039	4174	4669	3
4911	5010	4115	4150	4163	4036	4160	4664	3
4923	4997	4116	4144	4195	4033	4172	4663	3
4921	4997	4123	4145	4214	4031	4177	4660	3
4904	5001	4130	4146	4211	4030	4172	4658	3
4897	4990	4133	4143	4227	4031	4181	4661	3
4896	4990	4138	4146	4248	4035	4194	4665	3
4894	5000	4142	4150	4257	4041	4198	4671	3
4886	4997	4135	4146	4242	4044	4191	4675	3
4876	5002	4134	4153	4224	4043	4191	4675	3
4873	5017	4146	4167	4234	4046	4201	4676	3
4870	5020	4151	4166	4248	4049	4210	4681	3
4870	5017	4156	4167	4257	4047	4218	4688	3
4871	5023	4166	4176	4266	4047	4223	4692	3
4863	5024	4163	4175	4267	4049	4219	4691	3
4846	5017	4151	4167	4261	4049	4213	4684	3
4831	5010	4141	4161	4251	4049	4206	4680	3
4821	5004	4135	4153	4247	4048	4200	4683	3
4824	5014	4145	4161	4263	4050	4213	4690	3
4842	5038	4172	4184	4288	4059	4237	4697	3
4844	5045	4181	4191	4284	4058	4233	4693	3
4825	5029	4170	4180	4265	4054	4218	4687	3
4815	5022	4168	4173	4266	4054	4223	4686	3
4810	5023	4169	4172	4266	4051	4221	4685	3
4797	5018	4158	4165	4252	4048	4209	4681	3
4786	5016	4147	4158	4244	4048	4207	4679	3
4785	5018	4144	4156	4246	4051	4209	4681	3
4792	5014	4146	4157	4251	4052	4209	4685	3
4808	5014	4150	4161	4254	4052	4212	4685	3
4818	5025	4160	4168	4262	4052	4218	4686	3
4816	5034	4167	4176	4268	4054	4223	4688	3
4810	5036	4168	4180	4274	4054	4226	4691	3
4802	5034	4167	4174	4275	4053	4225	4694	3
4783	5027	4157	4165	4258	4051	4216	4691	3
4768	5018	4147	4159	4249	4050	4207	4685	3
4768	5015	4149	4156	4264	4051	4212	4685	3
4769	5020	4154	4158	4259	4048	4214	4687	3
4764	5023	4152	4163	4233	4044	4202	4680	3
4758	5023	4152	4163	4230	4045	4196	4674	3
4758	5026	4157	4162	4244	4049	4206	4682	3
4757	5025	4158	4162	4246	4047	4211	4687	3
4748	5021	4153	4162	4242	4047	4206	4682	3
4744	5022	4153	4160	4247	4052	4206	4681	3
4745	5024	4155	4161	4254	4050	4209	4686	3
4741	5022	4152	4162	4253	4048	4207	4686	3
4730	5017	4144	4160	4246	4049	4197	4680	3
4723	5011	4137	4154	4237	4045	4189	4674	3
4718	5012	4136	4154	4236	4045	4187	4672	3
4713	5013	4134	4155	4236	4046	4184	4669	3
4713	5007	4134	4155	4233	4043	4181	4665	3
4712	5010	4137	4158	4223	4042	4176	4661	3
4714	5021	4143	4164	4231	4042	4184	4662	3
4718	5013	4141	4159	4250	4043	4194	4670	3
4712	5002	4131	4146	4237	4042	4185	4668	3
4706	5004	4128	4144	4222	4043	4175	4663	3
4704	5002	4131	4146	4229	4046	4178	4665	3
4692	4991	4123	4140	4216	4040	4168	4661	3
4681	4994	4115	4138	4187	4035	4151	4652	3
4685	4998	4125	4145	4190	4035	4154	4653	3
4687	4990	4129	4142	4206	4034	4165	4656	3
4680	4982	4123	4131	4204	4032	4166	4652	3
4674	4981	4126	4130	4210	4035	4168	4653	3
4675	4984	4134	4133	4222	4037	4178	4664	3
4676	4993	4135	4136	4223	4038	4182	4668	3
4676	4997	4137	4141	4223	4041	4180	4664	3
4673	4994	4138	4141	4226	4040	4180	4661	3
4664	4993	4129	4134	4223	4036	4173	4662	3
4655	4993	4117	4131	4213	4036	4163	4660	3
4654	4993	4114	4132	4214	4037	4162	4658	3
4654	4993	4114	4133	4222	4037	4164	4662	3
4644	4991	4107	4131	4207	4038	4155	4656	3
4632	4991	4099	4128	4186	4036	4144	4649	3
4642	4992	4108	4131	4209	4040	4157	4657	3
4654	4994	4121	4137	4238	4044	4175	4665	3
4641	4994	4113	4133	4205	4037	4161	4653	3
4627	4995	4106	4132	4165	4032	4144	4647	3
4637	5003	4117	4141	4182	4038	4158	4656	3
4646	5005	4124	4140	4209	4041	4171	4660	3
4636	4996	4116	4130	4207	4037	4162	4657	3
4634	4995	4114	4129	4206	4037	4161	4659	3
4641	4998	4116	4135	4214	4040	4166	4662	3
4636	4992	4108	4132	4212	4038	4161	4657	3
4625	4987	4101	4124	4202	4035	4151	4652	3
4628	4993	4107	4129	4206	4038	4155	4653	3
4644	5001	4120	4143	4230	4039	4169	4661	3
4645	5000	4121	4143	4235	4037	4169	4662	3
4626	4996	4107	4132	4198	4035	4150	4650	3
4626	4997	4108	4130	4192	4036	4148	4648	3
4644	4998	4123	4133	4239	4040	4172	4663	3
4637	4994	4122	4128	4240	4038	4173	4664	3
4620	4998	4113	4131	4192	4034	4155	4653	3
4618	5002	4113	4140	4181	4034	4154	4653	3
4617	4996	4111	4134	4201	4035	4160	4660	3
4618	4994	4108	4129	4207	4036	4162	4659	3
4625	4997	4113	4136	4209	4038	4168	4661	3
4625	4994	4117	4140	4215	4038	4171	4665	3
4623	4993	4116	4140	4215	4037	4167	4661	3
4627	4995	4119	4146	4218	4040	4169	4658	3
4626	4993	4120	4142	4222	4037	4171	4660	3
4616	4989	4114	4131	4214	4031	4163	4656	3
4616	4992	4114	4134	4209	4035	4160	4654	3
4624	5000	4120	4147	4216	4039	4168	4660	3
4628	5003	4123	4148	4222	4037	4172	4660	3
4626	5000	4119	4145	4214	4036	4164	4652	3
4621	4996	4115	4145	4208	4035	4156	4650	3
4613	4992	4113	4142	4213	4036	4160	4652	3
4607	4987	4107	4134	4212	4036	4157	4652	3
4607	4985	4102	4133	4213	4035	4154	4651	3
4616	4993	4109	4139	4230	4038	4166	4659	3
4618	5002	4112	4143	4236	4040	4169	4662	3
4608	5001	4100	4140	4209	4038	4149	4653	3
4598	4997	4089	4135	4177	4038	4133	4646	3
4594	4993	4085	4128	4168	4033	4130	4644	3
4601	4996	4089	4131	4185	4033	4137	4649	3
4612	5005	4103	4144	4208	4040	4151	4657	3
4613	5003	4107	4143	4210	4038	4155	4658	3
4606	4992	4103	4131	4205	4035	4152	4654	3
4604	4994	4104	4134	4207	4037	4153	4654	3
4608	5004	4110	4145	4206	4037	4156	4658	3
4614	5007	4117	4147	4209	4037	4163	4661	3
4613	5001	4119	4143	4218	4039	4164	4657	3
4605	4997	4109	4139	4212	4033	4153	4651	3
4600	4997	4103	4137	4198	4028	4146	4650	3
4598	4993	4105	4135	4203	4031	4150	4649	3
4590	4988	4104	4131	4207	4032	4149	4643	3
4586	4993	4100	4131	4195	4030	4146	4641	3
4593	4996	4102	4132	4207	4034	4154	4648	3
4599	4992	4106	4133	4233	4040	4167	4656	3
4595	4995	4104	4138	4219	4039	4162	4653	3
4598	5003	4107	4142	4202	4036	4154	4651	3
4607	5004	4113	4141	4219	4035	4160	4654	3
4602	4998	4112	4136	4215	4033	4154	4649	3
4586	4991	4102	4130	4181	4027	4135	4637	3
4577	4986	4098	4125	4175	4024	4132	4637	3
4581	4986	4104	4129	4192	4027	4142	4645	3
4583	4987	4104	4130	4194	4030	4145	4644	3
4580	4987	4100	4124	4196	4031	4147	4643	3
4580	4986	4101	4125	4205	4031	4154	4649	3
4587	4989	4107	4132	4213	4035	4163	4653	3
4590	4989	4107	4131	4215	4037	4164	4653	3
4581	4984	4101	4122	4212	4030	4158	4653	3
4584	4988	4105	4123	4211	4030	4159	4655	3
4591	4997	4110	4131	4211	4038	4158	4651	3
4582	4998	4100	4131	4203	4035	4143	4645	3
4574	4991	4090	4128	4195	4028	4132	4643	3
4577	4994	4091	4131	4194	4028	4132	4643	3
4582	5003	4100	4137	4202	4033	4139	4646	3
4585	5001	4102	4135	4211	4033	4143	4648	3
4588	4998	4104	4133	4220	4032	4147	4650	3
4581	5004	4099	4137	4190	4029	4134	4644	3
4573	5007	4096	4138	4168	4030	4129	4642	3
4572	5001	4096	4134	4173	4031	4129	4642	3
4576	5001	4100	4135	4185	4029	4131	4642	3
4583	5007	4103	4142	4194	4030	4137	4644	3
4586	5006	4104	4145	4203	4031	4144	4648	3
4588	5003	4106	4148	4207	4028	4144	4648	3
4589	5003	4106	4148	4208	4027	4142	4644	3
4588	5001	4104	4147	4205	4032	4142	4645	3
4591	5001	4111	4153	4214	4032	4152	4652	3
4594	5006	4118	4160	4224	4033	4161	4655	3
4591	5008	4113	4156	4209	4035	4153	4650	3
4588	5004	4107	4150	4199	4031	4143	4646	3
4590	4998	4109	4150	4208	4027	4143	4647	3
4587	4995	4105	4149	4202	4027	4139	4644	3
4582	4991	4098	4145	4189	4026	4134	4642	3
4584	4994	4104	4148	4197	4026	4140	4641	3
4594	5002	4110	4150	4205	4029	4145	4643	3
4595	5003	4106	4152	4202	4031	4148	4646	3
4590	5001	4105	4156	4201	4030	4149	4646	3
4590	4998	4106	4155	4196	4028	4143	4640	3
4591	4998	4103	4152	4189	4026	4137	4640	3
4588	5001	4102	4154	4192	4025	4142	4645	3
4593	5004	4111	4159	4198	4028	4150	4646	3
4598	5003	4114	4156	4203	4028	4151	4645	3
4594	4998	4107	4147	4209	4028	4150	4647	3
4594	4996	4105	4146	4212	4030	4153	4647	3
4598	5002	4110	4155	4205	4030	4152	4645	3
4601	5007	4114	4156	4201	4028	4151	4644	3
4597	5002	4114	4154	4199	4027	4148	4644	3
4590	4998	4109	4148	4199	4026	4148	4643	3
4591	5003	4110	4153	4196	4030	4148	4646	3
4593	5011	4117	4162	4196	4030	4146	4647	3
4587	5005	4112	4155	4198	4025	4144	4640	3
4583	4996	4104	4144	4202	4025	4146	4642	3
4584	4999	4103	4143	4205	4029	4149	4647	3
4588	5004	4104	4149	4209	4029	4149	4647	3
4594	5008	4108	4156	4214	4031	4152	4650	3
4602	5017	4121	4162	4225	4035	4165	4660	3
4602	5014	4122	4158	4226	4036	4166	4659	3
4590	5002	4108	4147	4210	4030	4149	4647	3
4585	5004	4100	4141	4200	4027	4144	4644	3
4591	5012	4108	4148	4203	4028	4150	4646	3
4595	5014	4116	4157	4208	4027	4151	4645	3
4595	5009	4116	4153	4217	4029	4153	4648	3
4591	5006	4112	4144	4219	4031	4154	4650	3
4589	5011	4112	4152	4208	4029	4153	4649	3
4596	5013	4119	4161	4212	4030	4159	4657	3
4594	5001	4115	4147	4223	4033	4159	4659	3
4581	4993	4103	4136	4205	4031	4144	4647	3
4582	5006	4105	4147	4186	4029	4138	4643	3
4598	5017	4117	4157	4204	4034	4153	4654	3
4604	5014	4122	4152	4225	4037	4164	4661	3
4596	5008	4116	4148	4216	4032	4155	4655	3
4594	5012	4115	4153	4207	4032	4151	4652	3
4598	5013	4122	4156	4214	4035	4160	4656	3
4594	5007	4121	4149	4216	4036	4163	4657	3
4590	5009	4118	4146	4212	4037	4162	4654	3
4592	5013	4122	4152	4217	4038	4165	4654	3
4595	5010	4127	4152	4227	4039	4169	4659	3
4595	5011	4129	4151	4229	4041	4173	4661	3
4594	5016	4128	4151	4228	4039	4171	4660	3
4591	5015	4124	4148	4224	4037	4165	4660	3
4589	5011	4120	4147	4221	4037	4162	4659	3
4593	5010	4120	4150	4229	4037	4167	4660	3
4593	5013	4121	4149	4233	4037	4168	4661	3
4587	5015	4117	4146	4215	4036	4160	4656	3
4589	5012	4116	4146	4207	4037	4153	4655	3
4594	5013	4118	4148	4223	4037	4157	4661	3
4593	5018	4119	4149	4225	4037	4163	4662	3
4588	5018	4117	4147	4208	4038	4158	4657	3
4585	5015	4114	4146	4204	4036	4152	4656	3
4583	5014	4115	4148	4209	4033	4154	4657	3
4585	5014	4117	4150	4214	4036	4162	4658	3
4590	5016	4121	4150	4220	4041	4167	4660	3
4593	5018	4121	4149	4222	4039	4164	4661	3
4591	5013	4114	4144	4215	4033	4157	4654	3
