4634	5221	4286	4202	3988	4102	3690	4559	0
4635	5224	4288	4203	3988	4105	3693	4564	0
4640	5221	4289	4207	3994	4110	3700	4570	0
4636	5216	4287	4206	3991	4100	3694	4557	0
4631	5218	4286	4204	3987	4091	3688	4549	0
4636	5224	4291	4205	3994	4101	3696	4562	0
4636	5222	4292	4205	3991	4095	3696	4552	0
4626	5215	4291	4203	3982	4074	3682	4528	0
4623	5213	4294	4203	3984	4068	3677	4525	0
4626	5216	4296	4205	3988	4073	3681	4529	0
4625	5216	4297	4207	3984	4069	3683	4522	0
4618	5211	4302	4203	3975	4050	3673	4500	0
4616	5209	4305	4198	3975	4047	3668	4493	0
4617	5212	4299	4200	3982	4056	3674	4506	0
4610	5210	4301	4201	3974	4038	3669	4487	0
4606	5209	4303	4197	3969	4027	3663	4470	0
4615	5210	4263	4195	3986	4055	3677	4525	0
4627	5211	4204	4200	4003	4090	3698	4600	0
4637	5216	4192	4205	4012	4118	3717	4634	0
4641	5220	4204	4203	4016	4120	3721	4630	0
4633	5214	4200	4200	4012	4097	3711	4614	0
4626	5209	4197	4202	4006	4086	3703	4601	0
4625	5210	4203	4200	4006	4086	3704	4595	0
4629	5213	4205	4200	4011	4093	3711	4605	0
4631	5212	4208	4203	4011	4097	3711	4603	0
4624	5209	4210	4203	4003	4081	3699	4583	0
4617	5208	4209	4200	3999	4068	3693	4573	0
4626	5212	4211	4201	4010	4091	3709	4594	0
4635	5215	4215	4205	4021	4110	3723	4611	0
4628	5213	4217	4204	4013	4089	3713	4592	0
4623	5209	4219	4202	4008	4079	3706	4582	0
4630	5208	4222	4201	4016	4090	3712	4589	0
4631	5210	4221	4201	4017	4086	3711	4582	0
4629	5211	4223	4204	4018	4090	3717	4587	0
4632	5212	4227	4205	4023	4100	3724	4595	0
4631	5210	4227	4202	4020	4088	3717	4583	0
4626	5208	4227	4202	4014	4075	3711	4572	0
4615	5206	4228	4201	4006	4058	3702	4554	0
4610	5204	4227	4198	4001	4046	3695	4535	0
4615	5205	4227	4200	4007	4052	3699	4544	0
4622	5208	4231	4204	4016	4069	3712	4567	0
4628	5210	4237	4206	4023	4085	3720	4576	0
4624	5209	4237	4205	4019	4075	3710	4557	0
4619	5208	4239	4202	4014	4064	3707	4550	0
4620	5206	4241	4202	4015	4067	3712	4555	0
4615	5204	4238	4203	4013	4056	3705	4541	0
4609	5202	4236	4202	4008	4040	3696	4524	0
4605	5201	4238	4197	4001	4026	3689	4513	0
4613	5204	4242	4199	4009	4046	3698	4530	0
4626	5208	4244	4204	4027	4080	3722	4564	0
4623	5206	4245	4205	4025	4075	3723	4561	0
4618	5205	4248	4205	4020	4063	3715	4546	0
4623	5209	4250	4206	4026	4071	3723	4553	0
4622	5208	4248	4207	4028	4070	3724	4554	0
4615	5203	4247	4206	4021	4057	3716	4541	0
4620	5206	4248	4205	4025	4065	3724	4549	0
4627	5210	4252	4208	4038	4080	3736	4567	0
4619	5204	4252	4207	4027	4056	3717	4541	0
4607	5198	4247	4201	4008	4029	3698	4506	0
4607	5201	4248	4200	4011	4030	3702	4508	0
4606	5200	4250	4203	4016	4027	3701	4510	0
4609	5200	4253	4203	4019	4035	3707	4516	0
4613	5201	4253	4203	4023	4047	3714	4526	0
4607	5199	4251	4202	4018	4031	3705	4510	0
4607	5200	4251	4201	4014	4028	3705	4507	0
4609	5202	4253	4204	4018	4037	3711	4515	0
4609	5201	4254	4207	4024	4039	3714	4518	0
4613	5200	4257	4206	4028	4044	3720	4522	0
4613	5198	4260	4205	4028	4044	3717	4522	0
4610	5198	4258	4205	4025	4037	3715	4517	0
4608	5198	4256	4205	4023	4031	3715	4511	0
4611	5197	4257	4205	4025	4034	3716	4511	0
4617	5199	4263	4207	4032	4050	3725	4528	0
4618	5201	4263	4206	4035	4058	3732	4538	0
4615	5200	4262	4204	4034	4052	3731	4530	0
4616	5200	4263	4204	4033	4048	3729	4524	0
4619	5202	4265	4208	4036	4049	3730	4527	0
4617	5201	4266	4208	4039	4051	3731	4528	0
4619	5199	4264	4208	4041	4053	3732	4530	0
4624	5200	4264	4211	4045	4062	3738	4540	0
4615	5198	4265	4210	4037	4048	3731	4525	0
4604	5195	4263	4206	4028	4027	3718	4503	0
4612	5197	4262	4208	4038	4046	3728	4524	0
4623	5201	4265	4210	4047	4065	3742	4543	0
4620	5200	4266	4209	4044	4051	3739	4528	0
4610	5195	4263	4206	4037	4034	3730	4511	0
4612	5196	4262	4206	4039	4043	3735	4522	0
4624	5201	4267	4210	4049	4063	3749	4544	0
4624	5201	4269	4210	4051	4062	3748	4542	0
4621	5199	4267	4208	4048	4055	3742	4535	0
4620	5199	4268	4210	4046	4052	3742	4530	0
4612	5196	4267	4210	4040	4037	3735	4511	0
4608	5193	4265	4205	4034	4024	3726	4500	0
4609	5193	4264	4204	4031	4016	3722	4494	0
4606	5191	4263	4206	4030	4014	3724	4490	0
4605	5192	4265	4208	4032	4020	3728	4497	0
4606	5193	4265	4206	4035	4018	3726	4497	0
4604	5191	4264	4204	4031	4007	3721	4486	0
4599	5188	4261	4203	4025	3999	3717	4480	0
4600	5189	4261	4204	4026	4006	3723	4484	0
4604	5191	4264	4206	4034	4016	3730	4491	0
4603	5190	4263	4205	4033	4010	3729	4488	0
4604	5190	4266	4204	4034	4012	3732	4491	0
4605	5191	4268	4207	4036	4015	3732	4489	0
4598	5189	4265	4206	4030	4001	3721	4474	0
4600	5189	4265	4203	4031	4003	3722	4477	0
4604	5189	4267	4205	4037	4008	3728	4482	0
4601	5186	4267	4209	4036	4001	3726	4476	0
4598	5188	4265	4206	4029	3993	3720	4469	0
4606	5193	4264	4205	4036	4010	3730	4486	0
4621	5196	4268	4211	4058	4047	3757	4528	0
4621	5196	4270	4210	4057	4049	3758	4530	0
4609	5194	4269	4207	4045	4024	3743	4503	0
4608	5193	4270	4211	4051	4024	3747	4506	0
4618	5194	4270	4214	4063	4044	3761	4527	0
4623	5196	4269	4212	4062	4052	3764	4532	0
4616	5194	4270	4212	4053	4035	3756	4517	0
4616	5191	4271	4213	4056	4036	3755	4521	0
4621	5194	4269	4213	4065	4053	3764	4535	0
4615	5194	4268	4213	4060	4046	3763	4526	0
4615	5191	4269	4213	4058	4040	3764	4522	0
4618	5191	4269	4212	4062	4039	3762	4522	0
4611	5191	4267	4210	4057	4024	3752	4506	0
4607	5191	4267	4212	4052	4021	3750	4502	0
4609	5190	4268	4213	4052	4025	3752	4505	0
4607	5190	4269	4211	4054	4023	3753	4504	0
4610	5192	4271	4213	4059	4029	3759	4512	0
4618	5194	4270	4216	4066	4046	3769	4530	0
4623	5197	4272	4216	4073	4061	3780	4544	0
4617	5196	4273	4214	4066	4044	3771	4529	0
4612	5192	4270	4215	4060	4025	3760	4510	0
4620	5193	4269	4219	4072	4046	3774	4530	0
4630	5196	4272	4221	4085	4073	3791	4557	0
4631	5197	4276	4220	4084	4073	3792	4558	0
4628	5197	4277	4218	4080	4062	3786	4549	0
4628	5198	4274	4218	4082	4066	3787	4552	0
4625	5196	4271	4218	4078	4059	3782	4545	0
4616	5192	4271	4217	4067	4034	3767	4517	0
4612	5191	4271	4218	4065	4029	3766	4512	0
4614	5189	4269	4218	4070	4036	3773	4520	0
4612	5190	4269	4215	4067	4030	3772	4514	0
4610	5193	4270	4214	4061	4020	3764	4505	0
4610	5191	4268	4215	4063	4022	3765	4507	0
4615	5190	4269	4216	4070	4033	3776	4518	0
4613	5190	4269	4217	4069	4029	3772	4514	0
4610	5189	4269	4218	4067	4024	3767	4507	0
4614	5189	4270	4216	4071	4033	3775	4517	0
4616	5191	4270	4216	4073	4037	3778	4527	0
4625	5195	4272	4222	4083	4054	3788	4545	0
4629	5198	4273	4224	4089	4067	3796	4552	0
4618	5195	4271	4220	4081	4053	3790	4540	0
4617	5194	4273	4220	4082	4050	3789	4542	0
4624	5195	4276	4221	4086	4054	3794	4543	0
4624	5194	4273	4222	4084	4053	3793	4541	0
4621	5194	4272	4223	4085	4054	3792	4544	0
4622	5193	4273	4221	4088	4051	3793	4540	0
4622	5190	4274	4221	4086	4045	3793	4535	0
4612	5188	4271	4221	4073	4028	3783	4520	0
4604	5188	4268	4216	4064	4009	3770	4499	0
4608	5190	4269	4214	4070	4014	3774	4504	0
4613	5190	4270	4217	4078	4027	3782	4516	0
4610	5186	4269	4218	4076	4019	3777	4509	0
4607	5186	4272	4217	4072	4012	3775	4504	0
4608	5189	4275	4218	4073	4018	3778	4507	0
4605	5190	4270	4219	4071	4014	3772	4500	0
4605	5188	4267	4220	4071	4012	3772	4502	0
4614	5188	4273	4223	4086	4035	3792	4528	0
4619	5188	4273	4222	4089	4042	3799	4535	0
4620	5190	4274	4223	4085	4041	3794	4533	0
4626	5194	4278	4226	4094	4055	3802	4548	0
4614	5187	4272	4223	4084	4027	3788	4520	0
4600	5180	4265	4218	4067	3994	3771	4488	0
4606	5185	4271	4219	4074	4010	3781	4502	0
4612	5187	4273	4220	4084	4024	3788	4513	0
4609	5184	4269	4221	4083	4018	3786	4511	0
4607	5185	4270	4219	4079	4012	3782	4505	0
4612	5189	4274	4221	4082	4022	3787	4510	0
4612	5189	4271	4224	4084	4026	3791	4514	0
4605	5186	4268	4222	4080	4013	3786	4507	0
4611	5188	4273	4223	4085	4021	3791	4515	0
4615	5189	4273	4225	4089	4027	3796	4520	0
4607	5184	4268	4221	4083	4013	3791	4509	0
4604	5182	4269	4220	4080	4008	3785	4504	0
4606	5184	4272	4224	4083	4012	3785	4506	0
4606	5183	4272	4223	4084	4014	3789	4508	0
4604	5181	4271	4219	4080	4006	3787	4501	0
4607	5183	4269	4222	4082	4008	3788	4501	0
4608	5184	4272	4225	4088	4017	3793	4510	0
4607	5182	4273	4223	4087	4015	3791	4509	0
4612	5185	4270	4223	4089	4018	3794	4514	0
4616	5192	4273	4225	4097	4031	3804	4528	0
4618	5192	4277	4227	4101	4037	3809	4535	0
4621	5191	4276	4230	4104	4044	3811	4541	0
4626	5193	4275	4231	4107	4052	3815	4549	0
4626	5193	4278	4229	4109	4054	3822	4555	0
4626	5189	4275	4230	4110	4055	3826	4554	0
4621	5187	4271	4229	4106	4043	3815	4539	0
4609	5185	4272	4225	4093	4012	3794	4511	0
4599	5182	4272	4225	4081	3989	3783	4486	0
4603	5182	4272	4226	4085	4001	3791	4494	0
4609	5181	4273	4223	4092	4014	3798	4511	0
4602	5178	4271	4223	4085	4003	3793	4501	0
4598	5180	4270	4226	4080	3995	3791	4489	0
4596	5180	4270	4223	4079	3985	3783	4477	0
4593	5177	4269	4222	4078	3977	3777	4472	0
4598	5180	4270	4225	4084	3991	3788	4487	0
4604	5182	4273	4225	4088	4001	3794	4495	0
4602	5178	4274	4223	4088	3997	3793	4492	0
4600	5178	4272	4224	4086	3992	3791	4488	0
4601	5183	4270	4225	4090	4003	3796	4498	0
4603	5183	4272	4227	4095	4012	3802	4504	0
4598	5176	4274	4225	4089	3994	3792	4488	0
4598	5178	4274	4223	4087	3988	3788	4483	0
4601	5182	4273	4227	4090	3993	3793	4488	0
4599	5177	4272	4227	4090	3994	3796	4488	0
4602	5180	4274	4225	4093	4003	3802	4498	0
4602	5181	4276	4228	4093	4001	3798	4496	0
4595	5177	4276	4228	4087	3984	3791	4481	0
4595	5177	4277	4224	4085	3982	3791	4480	0
4604	5179	4280	4225	4091	3998	3797	4494	0
4609	5181	4279	4228	4097	4005	3803	4500	0
4603	5181	4275	4225	4092	3989	3797	4484	0
4596	5177	4276	4224	4088	3983	3793	4477	0
4594	5175	4277	4225	4086	3981	3790	4472	0
4586	5173	4275	4223	4077	3957	3777	4450	0
4583	5171	4275	4224	4074	3949	3774	4445	0
4586	5172	4275	4224	4076	3956	3777	4449	0
4584	5172	4275	4223	4076	3953	3777	4447	0
4582	5170	4275	4222	4075	3950	3776	4447	0
4581	5168	4273	4220	4069	3939	3771	4434	0
4582	5168	4273	4222	4069	3938	3770	4431	0
4579	5166	4275	4223	4071	3937	3768	4431	0
4572	5164	4274	4219	4064	3927	3762	4419	0
4571	5166	4274	4218	4062	3925	3764	4415	0
4571	5165	4276	4220	4062	3922	3765	4410	0
4570	5164	4277	4220	4062	3917	3760	4406	0
4572	5164	4281	4220	4067	3924	3762	4415	0
4580	5165	4284	4223	4075	3943	3776	4433	0
4580	5166	4280	4223	4073	3940	3775	4429	0
4567	5163	4276	4220	4060	3910	3754	4400	0
4574	5165	4282	4221	4068	3927	3766	4416	0
4590	5169	4287	4224	4084	3963	3791	4454	0
4580	5166	4284	4222	4074	3941	3777	4433	0
4563	5159	4280	4217	4054	3899	3753	4387	0
4556	5155	4276	4212	4046	3883	3744	4370	0
4558	5155	4275	4214	4049	3888	3745	4378	0
4563	5158	4279	4220	4054	3895	3750	4387	0
4561	5159	4281	4218	4053	3895	3752	4386	0
4553	5156	4277	4215	4050	3883	3744	4376	0
4549	5153	4275	4216	4046	3870	3735	4362	0
4553	5153	4276	4215	4044	3874	3739	4364	0
4555	5156	4273	4214	4045	3882	3746	4372	0
4555	5156	4270	4216	4047	3885	3746	4374	0
4561	5154	4274	4219	4051	3891	3750	4382	0
4560	5152	4278	4217	4051	3885	3752	4377	0
4555	5153	4277	4217	4050	3881	3751	4373	0
4558	5155	4276	4218	4052	3892	3751	4384	0
4556	5152	4272	4215	4047	3882	3742	4372	0
4551	5150	4270	4213	4041	3864	3737	4355	0
4554	5153	4273	4216	4045	3874	3747	4364	0
4562	5157	4277	4218	4055	3893	3756	4381	0
4562	5156	4278	4218	4058	3892	3753	4383	0
4550	5150	4278	4217	4046	3869	3740	4363	0
4548	5149	4278	4216	4041	3865	3741	4356	0
4552	5153	4278	4213	4044	3871	3742	4357	0
4548	5150	4274	4210	4042	3863	3734	4351	0
4551	5150	4274	4214	4049	3874	3745	4366	0
4555	5153	4276	4216	4054	3880	3751	4371	0
4547	5148	4275	4212	4043	3858	3736	4347	0
4546	5148	4274	4212	4043	3858	3737	4348	0
4553	5152	4274	4217	4051	3877	3750	4370	0
4553	5151	4274	4217	4050	3878	3750	4372	0
4555	5150	4277	4216	4048	3877	3750	4369	0
4566	5156	4280	4220	4061	3903	3766	4394	0
4566	5157	4278	4221	4069	3910	3771	4403	0
4557	5152	4276	4217	4060	3887	3758	4379	0
4561	5153	4280	4217	4060	3890	3762	4383	0
4565	5154	4280	4220	4068	3904	3770	4397	0
4558	5151	4278	4218	4061	3889	3761	4382	0
4551	5148	4277	4214	4049	3869	3748	4361	0
4554	5149	4278	4213	4053	3874	3752	4365	0
4563	5152	4280	4216	4064	3897	3765	4388	0
4559	5153	4277	4217	4060	3892	3761	4383	0
4552	5151	4275	4215	4050	3872	3750	4365	0
4554	5150	4280	4216	4056	3879	3754	4373	0
4558	5153	4281	4217	4063	3889	3763	4383	0
4562	5157	4278	4220	4064	3891	3768	4388	0
4564	5156	4277	4220	4064	3894	3769	4393	0
4565	5155	4281	4219	4068	3906	3773	4405	0
4574	5160	4286	4223	4082	3929	3790	4426	0
4572	5160	4285	4223	4080	3922	3786	4415	0
4557	5151	4279	4218	4064	3888	3765	4381	0
4554	5147	4276	4216	4060	3874	3761	4368	0
4554	5149	4275	4215	4059	3874	3761	4369	0
4556	5151	4279	4218	4062	3885	3763	4380	0
4564	5152	4282	4221	4069	3896	3769	4392	0
4558	5148	4278	4214	4065	3880	3762	4377	0
4546	5145	4274	4212	4054	3860	3750	4356	0
4549	5147	4276	4218	4054	3870	3754	4363	0
4560	5150	4280	4220	4064	3889	3766	4384	0
4560	5149	4280	4216	4068	3890	3770	4389	0
4558	5148	4278	4217	4068	3888	3769	4386	0
4561	5149	4276	4217	4065	3892	3766	4386	0
4558	5149	4277	4214	4064	3887	3763	4382	0
4560	5150	4281	4216	4069	3895	3773	4390	0
4561	5150	4281	4217	4070	3897	3776	4395	0
4552	5147	4275	4215	4061	3877	3762	4376	0
4552	5147	4276	4215	4063	3878	3764	4377	0
4560	5148	4281	4217	4069	3892	3775	4391	0
4560	5147	4281	4217	4068	3887	3772	4386	0
4553	5147	4280	4216	4064	3877	3765	4374	0
4555	5149	4282	4215	4068	3886	3770	4382	0
4564	5152	4283	4217	4076	3901	3781	4400	0
4559	5151	4278	4217	4072	3886	3770	4385	0
4552	5148	4278	4217	4065	3873	3761	4366	0
4556	5149	4282	4218	4069	3888	3772	4380	0
4557	5149	4281	4219	4069	3891	3774	4387	0
4558	5150	4282	4219	4070	3889	3774	4386	0
4560	5149	4285	4218	4074	3892	3777	4387	0
4557	5147	4282	4217	4072	3887	3772	4386	0
4558	5150	4277	4216	4075	3889	3774	4393	0
4566	5152	4280	4218	4082	3904	3787	4407	0
4568	5151	4283	4221	4082	3912	3790	4410	0
4563	5150	4283	4221	4076	3905	3782	4403	0
4565	5150	4282	4219	4078	3906	3783	4403	0
4567	5151	4284	4220	4082	3912	3789	4407	0
4564	5153	4284	4222	4081	3908	3786	4402	0
4567	5153	4284	4221	4085	3914	3791	4410	0
4573	5153	4285	4222	4093	3926	3798	4424	0
4577	5154	4288	4226	4100	3937	3804	4438	0
4583	5157	4292	4229	4105	3952	3815	4452	0
4579	5155	4293	4226	4100	3941	3811	4436	0
4574	5155	4293	4224	4098	3932	3806	4429	0
4580	5160	4294	4227	4104	3946	3813	4445	0
4575	5153	4292	4226	4096	3932	3804	4427	0
4568	5148	4291	4222	4089	3916	3793	4410	0
4573	5153	4293	4221	4093	3927	3802	4423	0
4572	5153	4292	4223	4091	3920	3801	4415	0
4567	5150	4290	4223	4089	3908	3791	4405	0
4577	5153	4295	4224	4102	3937	3806	4433	0
4590	5160	4303	4228	4113	3965	3827	4456	0
4579	5160	4304	4228	4102	3937	3814	4427	0
4569	5154	4313	4226	4091	3914	3799	4401	0
4576	5152	4335	4226	4096	3925	3804	4402	0
4573	5152	4352	4225	4093	3915	3798	4378	0
4565	5151	4365	4224	4083	3896	3788	4347	0
4562	5150	4377	4226	4079	3890	3785	4335	0
4565	5151	4388	4228	4083	3898	3789	4338	0
4571	5153	4394	4228	4092	3912	3798	4347	0
4569	5153	4399	4226	4088	3900	3793	4332	0
4567	5151	4405	4228	4082	3888	3789	4319	0
4572	5153	4410	4229	4088	3901	3798	4329	0
4574	5153	4410	4228	4091	3907	3800	4335	0
4571	5153	4411	4230	4089	3904	3795	4332	0
4568	5153	4420	4229	4084	3897	3791	4317	0
4566	5153	4428	4227	4083	3890	3791	4306	0
4569	5153	4428	4229	4086	3893	3792	4309	0
4568	5152	4425	4229	4083	3889	3786	4301	0
4558	5148	4425	4227	4074	3870	3777	4283	0
4553	5146	4422	4227	4067	3854	3769	4271	0
4561	5148	4421	4227	4070	3864	3775	4282	0
4566	5150	4423	4227	4078	3882	3786	4302	0
4558	5149	4423	4229	4078	3878	3782	4302	0
4555	5148	4421	4229	4074	3870	3779	4291	0
4556	5147	4417	4225	4071	3863	3775	4282	0
4552	5145	4416	4222	4069	3857	3771	4280	0
4551	5145	4419	4226	4072	3864	3777	4286	0
4556	5146	4417	4228	4071	3870	3781	4287	0
4562	5148	4415	4229	4074	3876	3784	4296	0
4566	5150	4416	4231	4085	3887	3796	4314	0
4566	5150	4416	4229	4088	3890	3798	4316	0
4567	5150	4413	4229	4084	3889	3792	4310	0
4569	5151	4413	4228	4086	3891	3794	4315	0
4572	5154	4417	4228	4093	3903	3804	4332	0
4567	5153	4415	4230	4090	3897	3798	4327	0
4561	5146	4409	4229	4080	3879	3788	4308	0
4565	5148	4408	4228	4083	3884	3793	4314	0
4569	5154	4409	4230	4087	3889	3798	4320	0
4567	5152	4408	4228	4084	3888	3798	4317	0
4569	5149	4407	4228	4089	3895	3802	4326	0
4575	5154	4408	4233	4098	3909	3806	4341	0
4582	5158	4409	4234	4102	3917	3812	4351	0
4575	5155	4406	4230	4094	3902	3807	4338	0
4569	5151	4404	4231	4091	3894	3802	4328	0
4578	5155	4406	4234	4098	3913	3812	4348	0
4582	5158	4406	4233	4103	3924	3817	4360	0
4577	5156	4407	4233	4099	3916	3812	4352	0
4577	5153	4409	4235	4096	3915	3814	4348	0
4583	5157	4407	4235	4105	3927	3826	4367	0
4586	5163	4405	4234	4112	3934	3828	4374	0
4578	5155	4405	4233	4101	3913	3812	4348	0
4569	5150	4402	4230	4090	3893	3804	4329	0
4565	5150	4397	4227	4089	3886	3804	4326	0
4568	5150	4396	4228	4090	3887	3803	4327	0
4575	5154	4399	4230	4098	3906	3813	4346	0
4581	5159	4401	4232	4106	3920	3823	4362	0
4582	5160	4400	4233	4107	3917	3823	4362	0
4585	5159	4401	4232	4111	3928	3828	4372	0
4591	5162	4402	4232	4122	3950	3842	4394	0
4594	5163	4401	4233	4121	3950	3843	4394	0
4584	5158	4396	4233	4105	3924	3827	4365	0
4576	5155	4397	4232	4104	3911	3820	4353	0
4583	5156	4397	4233	4113	3923	3827	4369	0
4586	5156	4392	4233	4113	3929	3829	4374	0
4589	5158	4393	4236	4114	3940	3838	4383	0
4593	5163	4397	4238	4121	3945	3844	4390	0
4587	5161	4394	4234	4117	3932	3836	4377	0
4583	5159	4390	4234	4115	3928	3834	4373	0
4592	5163	4393	4234	4123	3947	3844	4393	0
4603	5168	4397	4235	4132	3970	3857	4416	0
4597	5166	4395	4235	4126	3957	3852	4404	0
4587	5162	4393	4234	4118	3935	3838	4383	0
4590	5165	4394	4237	4124	3948	3844	4394	0
4594	5166	4394	4237	4125	3953	3849	4398	0
4588	5161	4391	4233	4116	3932	3842	4376	0
4578	5156	4388	4231	4109	3912	3826	4354	0
4579	5157	4387	4233	4109	3913	3825	4360	0
4587	5160	4385	4234	4118	3933	3836	4380	0
4584	5160	4383	4230	4115	3930	3833	4373	0
4581	5158	4383	4227	4108	3918	3827	4362	0
4586	5161	4386	4232	4114	3930	3837	4375	0
4591	5163	4389	4236	4127	3948	3849	4395	0
4594	5163	4390	4235	4129	3954	3853	4404	0
4591	5161	4386	4233	4120	3938	3844	4386	0
4586	5159	4382	4234	4114	3924	3834	4366	0
4592	5163	4381	4234	4122	3941	3842	4386	0
4600	5169	4385	4235	4131	3961	3856	4411	0
4602	5171	4390	4238	4134	3964	3858	4413	0
4606	5172	4390	4238	4133	3962	3857	4408	0
4609	5174	4388	4240	4138	3974	3865	4422	0
4609	5175	4389	4241	4141	3981	3870	4429	0
4602	5171	4388	4238	4132	3962	3859	4408	0
4601	5168	4383	4236	4129	3955	3854	4401	0
4600	5167	4381	4237	4129	3956	3854	4401	0
4594	5165	4381	4236	4124	3950	3851	4395	0
4593	5166	4379	4235	4120	3940	3847	4387	0
4587	5164	4374	4232	4111	3918	3834	4363	0
4586	5163	4377	4234	4114	3926	3836	4372	0
4600	5168	4381	4241	4133	3968	3863	4420	0
4606	5171	4377	4237	4138	3978	3869	4427	0
4597	5167	4375	4231	4126	3954	3852	4396	0
4593	5165	4377	4235	4125	3948	3851	4395	0
4599	5166	4376	4239	4132	3961	3863	4412	0
4595	5164	4373	4235	4125	3948	3853	4395	0
4591	5164	4373	4232	4119	3938	3845	4383	0
4598	5168	4375	4236	4131	3964	3864	4412	0
4601	5169	4374	4237	4135	3970	3868	4417	0
4601	5167	4374	4238	4130	3962	3860	4407	0
4607	5169	4376	4239	4132	3973	3869	4422	0
4605	5169	4374	4237	4133	3972	3871	4417	0
4599	5167	4374	4236	4130	3963	3864	4406	0
4603	5168	4376	4237	4129	3966	3865	4413	0
4604	5168	4373	4236	4130	3964	3867	4413	0
4597	5167	4370	4234	4129	3960	3866	4406	0
4597	5166	4372	4235	4129	3965	3868	4410	0
4606	5168	4374	4237	4136	3977	3875	4423	0
4611	5169	4373	4238	4141	3981	3879	4428	0
4609	5168	4372	4236	4141	3982	3881	4431	0
4609	5170	4373	4234	4141	3987	3881	4433	0
4609	5172	4373	4237	4141	3986	3880	4431	0
4610	5170	4375	4240	4145	3989	3886	4438	0
4611	5168	4374	4236	4150	3996	3891	4446	0
4611	5166	4376	4233	4147	3995	3888	4440	0
4611	5169	4388	4238	4147	3993	3886	4428	0
4610	5170	4397	4238	4146	3984	3882	4414	0
4608	5170	4397	4236	4144	3982	3881	4412	0
4608	5167	4398	4237	4145	3983	3882	4411	0
4602	5164	4403	4236	4138	3967	3871	4389	0
4595	5165	4404	4233	4130	3953	3865	4374	0
4591	5165	4402	4232	4127	3947	3863	4370	0
4591	5161	4403	4231	4125	3941	3859	4360	0
4592	5160	4405	4231	4127	3942	3859	4358	0
4593	5162	4405	4234	4130	3946	3862	4365	0
4594	5164	4406	4232	4126	3947	3863	4363	0
4588	5163	4404	4229	4120	3932	3856	4346	0
4586	5159	4402	4228	4123	3926	3854	4342	0
4592	5159	4405	4229	4122	3934	3857	4352	0
4586	5160	4406	4229	4115	3925	3848	4337	0
4582	5161	4408	4227	4119	3917	3846	4329	0
4589	5162	4411	4228	4122	3927	3854	4338	0
4587	5159	4409	4228	4114	3925	3850	4332	0
4580	5158	4409	4229	4115	3915	3847	4322	0
4584	5161	4410	4228	4122	3921	3853	4329	0
4596	5165	4412	4230	4127	3941	3864	4346	0
4597	5165	4415	4233	4128	3946	3863	4348	0
4591	5163	4417	4232	4129	3940	3860	4345	0
4594	5164	4420	4231	4130	3941	3865	4348	0
4595	5164	4422	4231	4123	3930	3861	4334	0
4595	5163	4426	4233	4124	3934	3864	4333	0
4591	5161	4433	4232	4124	3933	3863	4327	0
4581	5156	4436	4228	4114	3910	3846	4297	0
4585	5158	4442	4231	4121	3924	3852	4307	0
4592	5163	4444	4234	4126	3931	3860	4316	0
4587	5161	4443	4231	4117	3911	3848	4296	0
4589	5160	4445	4229	4126	3925	3856	4307	0
4595	5162	4446	4233	4136	3945	3870	4325	0
4592	5164	4445	4233	4126	3925	3858	4308	0
4584	5161	4443	4229	4114	3900	3843	4284	0
4581	5155	4445	4227	4116	3903	3844	4281	0
4582	5157	4444	4227	4120	3911	3850	4288	0
4585	5160	4441	4228	4120	3911	3850	4291	0
4587	5157	4443	4230	4122	3917	3854	4294	0
4584	5154	4445	4231	4119	3915	3854	4291	0
4579	5155	4443	4229	4113	3903	3846	4282	0
4578	5157	4441	4228	4115	3902	3846	4280	0
4582	5159	4444	4227	4121	3908	3853	4284	0
4588	5161	4448	4230	4126	3922	3860	4299	0
4586	5158	4447	4230	4124	3919	3856	4297	0
4581	5155	4442	4227	4120	3904	3848	4282	0
4587	5159	4445	4229	4127	3918	3857	4294	0
4589	5162	4447	4229	4132	3931	3863	4307	0
4587	5161	4443	4228	4125	3918	3860	4300	0
4588	5162	4442	4230	4125	3916	3861	4296	0
4591	5163	4443	4230	4131	3930	3865	4304	0
4595	5163	4443	4229	4134	3937	3870	4316	0
4593	5161	4444	4232	4131	3925	3867	4309	0
4590	5158	4445	4235	4131	3928	3866	4307	0
4598	5162	4443	4234	4138	3944	3873	4321	0
4602	5165	4442	4232	4140	3946	3874	4324	0
4600	5166	4444	4232	4141	3949	3878	4327	0
4602	5168	4444	4235	4146	3957	3885	4335	0
4603	5166	4444	4236	4149	3955	3884	4334	0
4597	5162	4444	4231	4142	3942	3877	4321	0
4589	5161	4442	4228	4130	3928	3868	4303	0
4596	5163	4443	4235	4138	3944	3877	4322	0
4611	5166	4445	4239	4157	3975	3896	4358	0
4617	5169	4445	4236	4161	3985	3904	4370	0
4615	5169	4445	4237	4157	3982	3902	4366	0
4603	5165	4442	4236	4147	3958	3887	4339	0
4593	5165	4439	4232	4136	3934	3874	4315	0
4595	5165	4442	4233	4135	3934	3872	4314	0
4597	5162	4442	4234	4139	3940	3874	4319	0
4598	5165	4441	4234	4143	3945	3883	4326	0
4602	5171	4443	4234	4145	3947	3889	4330	0
4607	5169	4446	4236	4150	3957	3891	4341	0
4610	5168	4444	4237	4152	3969	3895	4353	0
4606	5167	4441	4235	4147	3963	3894	4349	0
4605	5168	4444	4235	4146	3957	3892	4338	0
4609	5170	4445	4236	4149	3964	3894	4343	0
4607	5169	4442	4235	4148	3965	3894	4346	0
4597	5164	4441	4233	4138	3942	3883	4323	0
4594	5164	4441	4233	4134	3930	3874	4308	0
4604	5168	4443	4235	4146	3951	3886	4333	0
4613	5169	4444	4237	4158	3972	3903	4357	0
4616	5172	4445	4237	4162	3982	3910	4367	0
4619	5174	4446	4240	4164	3991	3913	4378	0
4609	5168	4443	4237	4154	3969	3900	4355	0
4597	5164	4440	4231	4140	3938	3882	4322	0
4602	5167	4442	4232	4143	3949	3888	4329	0
4607	5167	4442	4237	4150	3963	3897	4346	0
4603	5165	4438	4234	4146	3948	3886	4333	0
4597	5164	4438	4230	4138	3934	3877	4318	0
4603	5167	4442	4232	4145	3953	3891	4337	0
4611	5172	4440	4237	4154	3970	3901	4355	0
4610	5170	4437	4236	4152	3967	3898	4353	0
4612	5169	4440	4235	4157	3975	3907	4363	0
4615	5172	4441	4236	4161	3977	3909	4369	0
4613	5171	4439	4236	4156	3972	3904	4361	0
4610	5170	4437	4236	4153	3970	3903	4354	0
4610	5171	4434	4236	4153	3962	3898	4350	0
4616	5173	4435	4238	4158	3975	3907	4367	0
4620	5174	4439	4243	4165	3995	3919	4384	0
4616	5174	4438	4242	4164	3984	3913	4371	0
4616	5173	4436	4236	4160	3974	3908	4366	0
4623	5174	4436	4236	4165	3989	3916	4382	0
4627	5177	4439	4242	4173	4004	3926	4398	0
4623	5178	4436	4241	4174	4001	3926	4397	0
4625	5177	4435	4240	4173	4002	3927	4394	0
4633	5178	4439	4244	4178	4014	3931	4405	0
4632	5180	4440	4244	4179	4015	3930	4410	0
4629	5179	4438	4240	4178	4016	3931	4413	0
4626	5178	4436	4239	4173	4006	3926	4402	0
4619	5176	4434	4238	4166	3984	3915	4380	0
4622	5177	4435	4240	4169	3990	3920	4388	0
4625	5179	4438	4242	4171	4002	3924	4397	0
4622	5178	4437	4240	4167	3992	3922	4387	0
4625	5178	4437	4240	4171	3996	3930	4394	0
4637	5182	4440	4245	4185	4025	3946	4424	0
4639	5184	4441	4245	4187	4035	3946	4432	0
4624	5177	4435	4237	4171	3995	3925	4394	0
4617	5173	4431	4235	4163	3974	3915	4373	0
4624	5176	4433	4238	4170	3995	3925	4392	0
4625	5175	4433	4238	4169	3997	3925	4396	0
4617	5173	4429	4238	4166	3982	3919	4383	0
4616	5175	4430	4236	4166	3978	3916	4377	0
4624	5175	4432	4238	4170	3993	3924	4392	0
4629	5178	4433	4241	4177	4011	3936	4412	0
4625	5180	4430	4239	4176	4003	3934	4406	0
4622	5177	4428	4238	4171	3992	3925	4391	0
4619	5176	4429	4237	4168	3984	3921	4384	0
4621	5178	4428	4237	4172	3991	3927	4394	0
4632	5182	4424	4242	4181	4013	3941	4416	0
4632	5183	4425	4241	4181	4013	3941	4414	0
4633	5183	4429	4240	4187	4023	3947	4427	0
4645	5187	4427	4245	4199	4046	3963	4456	0
4643	5186	4422	4246	4196	4040	3957	4450	0
4639	5187	4424	4243	4194	4037	3952	4449	0
4645	5187	4429	4245	4197	4047	3961	4461	0
4644	5184	4434	4247	4191	4036	3958	4442	0
4636	5183	4439	4244	4187	4022	3950	4419	0
4635	5186	4461	4243	4191	4024	3950	4412	0
4634	5187	4503	4245	4183	4011	3943	4374	0
4622	5183	4530	4245	4166	3976	3924	4319	0
4614	5179	4529	4242	4160	3962	3918	4304	0
4613	5177	4525	4241	4156	3955	3913	4298	0
4611	5178	4529	4242	4153	3950	3906	4292	0
4618	5184	4530	4243	4164	3969	3922	4317	0
4623	5183	4525	4242	4170	3983	3932	4332	0
4624	5181	4523	4244	4168	3982	3929	4329	0
4627	5185	4522	4246	4174	3988	3933	4340	0
4617	5184	4517	4239	4166	3969	3923	4323	0
4603	5175	4516	4235	4146	3938	3903	4286	0
4602	5173	4517	4237	4142	3932	3899	4277	0
4608	5178	4516	4240	4150	3943	3906	4293	0
4612	5180	4518	4241	4158	3960	3916	4311	0
4613	5180	4517	4239	4161	3961	3917	4310	0
4614	5181	4515	4237	4158	3957	3915	4309	0
4616	5181	4515	4237	4157	3960	3917	4315	0
4618	5181	4516	4238	4161	3967	3920	4322	0
4621	5186	4516	4240	4169	3978	3928	4332	0
4620	5186	4513	4243	4169	3978	3931	4335	0
4618	5179	4512	4241	4165	3972	3929	4331	0
4622	5181	4511	4238	4170	3981	3929	4338	0
4630	5188	4511	4245	4183	4002	3941	4358	0
4632	5187	4512	4246	4183	4002	3947	4362	0
4615	5182	4509	4237	4163	3961	3924	4322	0
4606	5181	4507	4235	4154	3946	3910	4305	0
4624	5185	4511	4243	4170	3981	3932	4343	0
4631	5187	4511	4243	4176	3994	3942	4361	0
4621	5183	4506	4238	4172	3977	3932	4342	0
4617	5182	4506	4237	4170	3974	3929	4334	0
4624	5186	4508	4240	4172	3982	3935	4347	0
