4346	5153	5271	4125	5116	4626	4999	4941	0
4335	5164	5322	4129	5175	5324	5154	5689	0
4352	5152	5242	4128	5247	5692	5329	5932	0
4345	5147	5272	4124	5201	5109	5171	5292	0
4348	5143	5254	4126	5076	4371	4925	4749	0
4363	5137	5205	4127	5083	4582	4984	4975	0
4370	5136	5190	4128	5171	5393	5201	5580	0
4371	5134	5180	4130	5151	5530	5200	5695	0
4369	5122	5175	4127	4990	4775	4915	5101	0
4369	5113	5164	4124	4901	4257	4740	4626	0
4373	5113	5149	4124	5026	4682	4976	4941	0
4381	5114	5137	4127	5142	5261	5241	5428	0
4386	5111	5120	4130	5041	5081	5084	5291	0
4386	5108	5102	4131	4871	4469	4742	4802	0
4391	5109	5095	4131	4856	4414	4708	4749	0
4399	5109	5084	4131	4978	4944	5008	5163	0
4400	5098	5068	4127	5030	5087	5138	5251	0
4398	5088	5054	4123	4920	4575	4891	4809	0
4403	5082	5028	4125	4786	4185	4625	4526	0
4415	5080	4993	4129	4760	4547	4638	4876	0
4426	5079	4963	4131	4827	5113	4820	5331	0
4429	5072	4938	4130	4847	4877	4835	5057	0
4432	5066	4920	4130	4775	4100	4645	4361	0
4437	5063	4907	4129	4725	3970	4542	4315	0
4437	5061	4897	4128	4735	4689	4640	5031	0
4436	5062	4902	4131	4755	5152	4740	5438	0
4438	5070	4922	4133	4764	4642	4680	4927	0
4437	5082	4950	4132	4795	3940	4618	4289	0
4431	5086	4977	4133	4843	4239	4737	4566	0
4429	5092	4997	4133	4902	5176	4944	5381	0
4430	5101	5007	4133	4903	5269	4938	5471	0
4425	5096	5013	4133	4796	4440	4677	4760	0
4422	5090	5019	4132	4755	4060	4581	4392	0
4421	5088	5021	4130	4841	4592	4833	4813	0
4418	5088	5025	4128	4904	5090	5044	5255	0
4416	5081	5025	4126	4830	4785	4864	5023	0
4415	5067	5017	4121	4703	4161	4546	4502	0
4412	5066	5025	4121	4705	4250	4547	4575	0
4408	5074	5054	4123	4806	4873	4810	5084	0
4405	5078	5074	4124	4870	4975	4960	5138	0
4407	5083	5078	4125	4845	4443	4832	4682	0
4410	5086	5086	4125	4781	4138	4632	4478	0
4406	5083	5092	4123	4769	4606	4670	4936	0
4401	5080	5097	4123	4827	5166	4843	5386	0
4402	5083	5112	4124	4880	4889	4868	5084	0
4401	5091	5141	4123	4887	4170	4771	4467	0
4395	5098	5173	4125	4882	4196	4752	4561	0
4394	5098	5186	4125	4911	5003	4897	5338	0
4398	5098	5176	4125	4936	5346	4986	5635	0
4399	5094	5166	4125	4865	4675	4804	4978	0
4399	5085	5163	4123	4794	3990	4632	4336	0
4402	5085	5156	4123	4852	4360	4795	4648	0
4405	5090	5146	4127	4930	5181	5021	5352	0
4410	5092	5141	4128	4886	5132	4934	5333	0
4416	5088	5132	4127	4768	4356	4652	4687	0
4417	5083	5114	4129	4731	4107	4569	4442	0
4420	5081	5095	4130	4813	4676	4826	4895	0
4423	5070	5082	4127	4842	5023	4996	5184	0
4423	5067	5068	4125	4759	4596	4789	4831	0
4425	5071	5060	4126	4678	4060	4516	4399	0
4427	5061	5056	4123	4640	4255	4492	4580	0
4426	5061	5052	4125	4716	4925	4722	5141	0
4428	5068	5054	4127	4792	4892	4836	5066	0
4433	5061	5048	4126	4718	4114	4636	4374	0
4442	5065	5026	4131	4668	3889	4495	4233	0
4446	5064	5007	4134	4676	4580	4589	4902	0
4450	5054	4995	4132	4690	5112	4704	5393	0
4456	5058	4979	4132	4701	4615	4635	4895	0
4458	5058	4964	4133	4669	3772	4479	4024	0
4460	5050	4952	4133	4659	3947	4521	4196	0
4462	5045	4942	4131	4675	4871	4679	5173	0
4465	5049	4929	4129	4655	5033	4667	5350	0
4471	5052	4920	4132	4588	4207	4451	4508	0
4474	5045	4912	4134	4551	3711	4332	3997	0
4471	5032	4896	4130	4575	4278	4506	4498	0
4471	5021	4875	4126	4564	4943	4644	5102	0
4472	5017	4864	4126	4500	4618	4479	4847	0
4471	5017	4858	4128	4445	3804	4243	4135	0
4473	5015	4851	4128	4440	3798	4223	4105	0
4478	5015	4844	4125	4488	4575	4430	4772	0
4480	5013	4842	4123	4518	4828	4574	4980	0
4478	5010	4840	4126	4482	4155	4433	4401	0
4481	5017	4837	4130	4460	3649	4243	3995	0
4484	5020	4832	4127	4466	4122	4296	4436	0
4481	5007	4821	4122	4457	4827	4457	5051	0
4481	5002	4811	4121	4444	4608	4460	4807	0
4488	5010	4807	4124	4435	3743	4312	3992	0
4490	5010	4801	4123	4427	3568	4237	3873	0
4489	5005	4788	4122	4422	4351	4341	4655	0
4494	5003	4779	4121	4425	4820	4443	5111	0
4501	5006	4775	4121	4425	4229	4342	4512	0
4504	5010	4766	4123	4420	3553	4207	3770	0
4505	5008	4755	4125	4415	3890	4288	4090	0
4504	5004	4753	4123	4420	4707	4450	4994	0
4498	5005	4774	4119	4430	4718	4432	5054	0
4495	5003	4787	4117	4408	3894	4237	4206	0
4506	4992	4735	4120	4348	3514	4090	3790	0
4498	4999	4776	4120	4396	4301	4291	4522	0
4499	5001	4781	4118	4435	4841	4473	4993	0
4603	4926	4291	4124	3990	3631	3809	3852	0
4742	4826	3647	4135	3343	2254	2923	2557	0
4770	4801	3514	4137	3281	2706	3048	2927	0
4744	4824	3640	4134	3514	3690	3492	3956	0
4755	4828	3598	4136	3456	3675	3354	4033	0
4764	4827	3570	4137	3336	3106	3071	3327	0
4745	4825	3624	4131	3345	2734	3002	2853	0
4741	4822	3627	4129	3451	3080	3249	3325	0
4747	4833	3626	4134	3587	3715	3564	4057	0
4745	4830	3630	4130	3531	3596	3401	3857	0
4738	4817	3626	4122	3353	3007	3007	3183	0
4735	4820	3623	4123	3326	2955	2993	3126	0
4734	4828	3627	4126	3490	3469	3362	3721	0
4732	4833	3639	4124	3608	3663	3563	4002	0
4734	4833	3637	4121	3540	3226	3340	3507	0
4738	4834	3631	4121	3421	2934	3109	3109	0
4736	4836	3631	4122	3430	3340	3227	3505	0
4732	4836	3628	4122	3531	3797	3472	4068	0
4732	4831	3622	4118	3558	3504	3453	3858	0
4731	4827	3619	4116	3488	2834	3235	3127	0
4728	4832	3622	4116	3451	2848	3199	3028	0
4728	4832	3622	4116	3495	3624	3385	3820	0
4726	4828	3617	4114	3516	3954	3458	4268	0
4726	4835	3619	4114	3489	3251	3298	3606	0
4731	4840	3623	4115	3478	2613	3176	2898	0
4732	4839	3618	4113	3537	3005	3315	3253	0
4727	4841	3611	4112	3611	3808	3542	4098	0
4725	4837	3610	4110	3562	3850	3458	4143	0
4727	4831	3609	4108	3447	3155	3113	3365	0
4724	4830	3604	4106	3435	2811	3025	2985	0
4721	4832	3599	4107	3550	3306	3348	3562	0
4724	4835	3595	4106	3649	3839	3622	4157	0
4729	4844	3600	4108	3620	3594	3458	3861	0
4730	4851	3604	4111	3525	3086	3140	3262	0
4727	4848	3595	4108	3503	3162	3154	3330	0
4727	4843	3585	4103	3591	3666	3462	3936	0
4731	4845	3586	4105	3661	3751	3597	4098	0
4730	4847	3587	4106	3613	3227	3390	3507	0
4725	4846	3583	4103	3520	2980	3212	3146	0
4724	4842	3578	4103	3504	3473	3313	3643	0
4721	4833	3577	4102	3559	3923	3489	4201	0
4716	4828	3575	4096	3575	3534	3442	3888	0
4713	4829	3574	4094	3524	2813	3244	3124	0
4712	4833	3574	4095	3514	2886	3253	3106	0
4714	4835	3577	4097	3578	3756	3475	3993	0
4717	4838	3580	4096	3588	4081	3512	4410	0
4718	4847	3580	4096	3548	3311	3297	3621	0
4716	4850	3580	4098	3550	2699	3198	2921	0
4715	4847	3581	4101	3620	3179	3393	3425	0
4716	4850	3580	4100	3695	3967	3640	4273	0
4715	4856	3582	4097	3683	3912	3560	4178	0
4716	4861	3586	4098	3617	3228	3234	3415	0
4715	4858	3586	4099	3594	2991	3161	3171	0
4711	4851	3581	4096	3657	3530	3465	3784	0
4709	4853	3581	4094	3730	3969	3699	4283	0
4709	4856	3587	4095	3694	3594	3512	3862	0
4707	4852	3589	4092	3600	3101	3224	3273	0
4704	4849	3589	4090	3588	3312	3272	3476	0
4706	4854	3593	4090	3676	3883	3556	4149	0
4709	4863	3594	4095	3746	3900	3671	4235	0
4707	4863	3593	4099	3714	3266	3492	3544	0
4705	4866	3595	4095	3666	3032	3363	3208	0
4708	4873	3599	4092	3696	3684	3498	3861	0
4708	4872	3597	4095	3727	4177	3635	4463	0
4706	4866	3595	4093	3702	3668	3537	4021	0
4701	4860	3597	4088	3661	2922	3367	3229	0
4695	4852	3598	4086	3660	3070	3407	3320	0
4692	4852	3597	4086	3699	3955	3605	4209	0
4693	4858	3598	4086	3704	4238	3605	4501	0
4692	4858	3605	4086	3663	3421	3366	3650	0
4692	4857	3608	4082	3660	2827	3280	3033	0
4694	4867	3607	4083	3740	3400	3524	3651	0
4697	4872	3608	4087	3809	4157	3769	4454	0
4698	4870	3612	4087	3787	3960	3652	4217	0
4697	4875	3615	4086	3740	3280	3341	3461	0
4691	4872	3614	4086	3720	3154	3289	3333	0
4688	4865	3612	4085	3760	3724	3574	3989	0
4691	4869	3616	4083	3817	4090	3779	4413	0
4690	4873	3621	4082	3791	3630	3608	3903	0
4686	4872	3620	4082	3738	3168	3377	3340	0
4688	4876	3623	4085	3758	3521	3454	3687	0
4689	4879	3628	4085	3807	4112	3679	4384	0
4687	4882	3625	4082	3823	3984	3722	4318	0
4686	4883	3626	4081	3805	3277	3567	3566	0
4684	4882	3632	4083	3785	3097	3495	3313	0
4685	4883	3636	4083	3813	3857	3641	4054	0
4690	4893	3637	4084	3860	4406	3755	4655	0
4689	4900	3641	4084	3861	3822	3646	4137	0
4683	4891	3644	4082	3832	3045	3511	3351	0
4680	4884	3642	4080	3830	3304	3592	3566	0
4683	4890	3643	4080	3864	4194	3788	4442	0
4687	4900	3647	4082	3898	4344	3779	4577	0
4687	4903	3647	4082	3896	3514	3552	3720	0
4677	4892	3643	4076	3841	2993	3439	3205	0
4674	4885	3644	4073	3844	3594	3642	3857	0
4680	4890	3647	4076	3913	4306	3877	4602	0
4677	4891	3646	4074	3890	3993	3742	4251	0
4673	4888	3647	4072	3835	3304	3441	3485	0
4679	4896	3656	4077	3877	3371	3471	3546	0
4682	4904	3659	4080	3943	4031	3768	4292	0
4674	4901	3656	4076	3936	4221	3876	4537	0
4671	4900	3657	4074	3904	3629	3711	3898	0
4676	4908	3662	4075	3918	3253	3586	3430	0
4675	4906	3661	4074	3933	3717	3645	3896	0
4673	4898	3660	4072	3920	4298	3769	4577	0
4677	4909	3665	4076	3941	4102	3813	4431	0
4677	4920	3667	4077	3967	3377	3715	3677	0
4673	4910	3664	4074	3949	3252	3661	3519	0
4673	4908	3664	4073	3948	4057	3784	4257	0
4671	4912	3668	4075	3959	4542	3839	4704	0
4667	4910	3672	4073	3943	3847	3690	4109	0
4667	4904	3669	4070	3923	3090	3580	3414	0
4663	4902	3665	4068	3930	3470	3700	3737	0
4664	4907	3668	4070	3952	4331	3885	4577	0
4667	4914	3675	4073	3968	4325	3838	4575	0
4667	4915	3678	4075	3976	3512	3625	3712	0
4665	4915	3677	4075	3972	3182	3589	3378	0
4666	4923	3678	4074	3999	3859	3815	4132	0
4668	4933	3683	4076	4051	4470	4008	4771	0
4671	4936	3688	4079	4059	4062	3920	4313	0
4674	4941	3690	4082	4055	3407	3717	3587	0
4674	4942	3692	4081	4077	3584	3724	3765	0
4671	4937	3694	4078	4085	4277	3915	4548	0
4667	4936	3694	4076	4070	4380	3995	4701	0
4664	4934	3698	4077	4060	3690	3865	3971	0
4665	4934	3702	4078	4071	3320	3756	3529	0
4664	4933	3704	4082	4076	3919	3822	4111	0
4662	4932	3708	4082	4070	4571	3936	4830	0
4660	4937	3709	4077	4073	4238	3924	4556	0
4658	4935	3708	4078	4065	3429	3783	3735	0
4662	4937	3715	4085	4085	3450	3784	3715	0
4666	4945	3721	4086	4126	4291	3962	4486	0
4664	4947	3715	4083	4125	4617	3996	4775	0
4664	4948	3714	4086	4127	3930	3859	4177	0
4666	4949	3718	4087	4137	3316	3780	3634	0
4664	4950	3725	4087	4149	3750	3900	4033	0
4662	4954	3729	4089	4164	4550	4073	4802	0
4662	4953	3728	4089	4159	4426	4031	4672	0
4655	4955	3748	4088	4173	3597	3869	3823	0
4649	4963	3787	4088	4218	3421	3892	3651	0
4651	4968	3797	4090	4247	4188	4077	4461	0
4650	4964	3784	4090	4230	4657	4157	4950	0
4643	4962	3792	4088	4215	4106	4062	4368	0
4643	4963	3798	4089	4220	3473	3921	3657	0
4648	4954	3780	4091	4196	3720	3887	3904	0
4629	4957	3832	4087	4223	4480	4054	4761	0
4598	4975	3951	4083	4323	4631	4214	4946	0
4588	4978	3997	4080	4348	3928	4104	4215	0
4595	4975	3973	4082	4330	3557	3985	3825	0
4593	4982	3982	4085	4360	4217	4123	4420	0
4595	4983	3975	4087	4382	4858	4265	5009	0
4598	4994	3994	4087	4404	4501	4233	4721	0
4567	5023	4152	4086	4487	3894	4196	4205	0
4530	5040	4296	4084	4593	4131	4310	4429	0
4528	5034	4291	4085	4651	4814	4507	5008	0
4538	5029	4262	4083	4670	4886	4620	5032	0
4538	5034	4282	4081	4657	4280	4515	4517	0
4537	5034	4280	4083	4596	3890	4304	4218	0
4540	5028	4260	4084	4570	4367	4329	4670	0
4543	5032	4256	4082	4634	5055	4537	5261	0
4546	5038	4256	4085	4673	4780	4551	4957	0
4547	5034	4254	4087	4638	3880	4386	4135	0
4549	5031	4250	4084	4625	3822	4346	4145	0
4551	5034	4245	4083	4646	4708	4475	5008	0
4551	5033	4241	4086	4646	5098	4548	5364	0
4550	5028	4240	4086	4598	4372	4397	4653	0
4550	5024	4242	4081	4551	3674	4240	3941	0
4546	5017	4237	4081	4558	4121	4351	4332	0
4542	5008	4229	4078	4580	4989	4527	5181	0
4542	5009	4231	4076	4551	4869	4448	5111	0
4548	5015	4235	4078	4483	3993	4213	4293	0
4550	5017	4229	4080	4481	3788	4168	4066	0
4548	5011	4225	4076	4536	4474	4357	4662	0
4548	5006	4229	4076	4566	4913	4495	5057	0
4551	5015	4227	4078	4552	4483	4400	4703	0
4551	5023	4224	4079	4496	3850	4202	4161	0
4550	5016	4223	4076	4477	4044	4203	4336	0
4552	5012	4221	4074	4531	4780	4409	4970	0
4554	5016	4221	4076	4564	4805	4511	4955	0
4553	5013	4222	4076	4527	4029	4360	4272	0
4550	5006	4223	4072	4493	3678	4190	3999	0
4551	5009	4222	4072	4505	4330	4272	4620	0
4553	5008	4222	4074	4514	4954	4434	5214	0
4552	5003	4217	4070	4500	4533	4386	4788	0
4550	5006	4215	4070	4490	3706	4234	3911	0
4550	5003	4217	4072	4478	3764	4227	3972	0
4550	4997	4212	4070	4474	4610	4362	4893	0
4550	5002	4204	4069	4481	4894	4409	5188	0
4553	5007	4206	4071	4470	4162	4253	4432	0
4555	5008	4212	4073	4468	3602	4152	3869	0
4558	5013	4211	4072	4496	4155	4297	4364	0
4563	5017	4208	4073	4534	4980	4475	5131	0
4563	5018	4206	4073	4522	4761	4405	4982	0
4560	5014	4207	4071	4446	3879	4173	4191	0
4563	5011	4204	4071	4436	3771	4132	4056	0
4563	5008	4198	4072	4490	4502	4313	4687	0
4557	5000	4193	4071	4475	4824	4395	4970	0
4558	4997	4190	4065	4423	4255	4256	4486	0
4562	4995	4188	4064	4398	3661	4091	3981	0
4558	4992	4182	4068	4400	3980	4129	4272	0
4557	4993	4179	4067	4424	4757	4316	4947	0
4561	4993	4180	4063	4429	4687	4366	4848	0
4562	4989	4178	4063	4401	3811	4203	4062	0
4559	4984	4175	4065	4390	3535	4098	3857	0
4560	4984	4177	4063	4405	4281	4210	4574	0
4560	4984	4175	4061	4400	4817	4335	5088	0
4557	4979	4172	4060	4368	4308	4252	4572	0
4558	4983	4175	4060	4370	3601	4116	3794	0
4563	4990	4178	4062	4409	3826	4176	4016	0
4560	4989	4176	4062	4421	4647	4336	4934	0
4556	4986	4179	4061	4402	4773	4338	5085	0
4560	4991	4180	4061	4389	3998	4164	4277	0
4565	4996	4184	4062	4408	3578	4085	3846	0
4566	4997	4188	4062	4433	4209	4228	4419	0
4566	4996	4183	4061	4438	4900	4371	5055	0
4564	4997	4183	4060	4425	4561	4298	4787	0
4562	4995	4187	4060	4384	3740	4099	4052	0
4562	4991	4185	4056	4365	3761	4072	4046	0
4563	4990	4179	4057	4405	4552	4266	4740	0
4565	4993	4180	4060	4433	4794	4376	4945	0
4566	4994	4184	4057	4412	4105	4235	4344	0
4564	4990	4185	4055	4389	3583	4076	3903	0
4563	4988	4182	4056	4390	4064	4148	4354	0
4563	4986	4174	4053	4393	4795	4316	5017	0
4563	4983	4175	4053	4385	4580	4317	4782	0
4565	4985	4181	4057	4385	3723	4176	3960	0
4564	4988	4187	4054	4389	3572	4116	3858	0
4561	4987	4192	4052	4396	4371	4246	4667	0
4561	4988	4200	4054	4415	4854	4368	5132	0
4562	4991	4206	4054	4423	4263	4273	4532	0
4563	4998	4205	4053	4436	3590	4153	3809	0
4564	5002	4207	4054	4459	3957	4246	4160	0
4562	4997	4212	4052	4449	4781	4385	5055	0
4555	4991	4211	4048	4408	4722	4323	5036	0
4553	4988	4205	4045	4361	3857	4108	4149	0
4556	4978	4189	4043	4328	3546	4001	3808	0
4556	4976	4188	4042	4349	4278	4156	4477	0
4553	4986	4210	4041	4407	4861	4343	5014	0
4566	4987	4175	4042	4382	4342	4226	4557	0
4554	4997	4235	4044	4407	3773	4114	4086	0
4478	5046	4566	4038	4698	4344	4503	4662	0
4413	5091	4874	4032	5000	5164	4973	5372	0
4412	5096	4893	4033	5068	5069	5029	5215	0
4422	5093	4843	4034	5000	4473	4848	4697	0
4417	5096	4873	4032	4884	4301	4681	4624	0
4424	5096	4864	4032	4872	4854	4754	5174	0
4430	5095	4834	4034	4975	5378	4935	5589	0
4430	5090	4832	4034	4959	4927	4855	5098	0
4431	5085	4824	4031	4861	4076	4654	4354	0
4432	5085	4821	4031	4860	4187	4667	4541	0
4435	5087	4818	4031	4928	5106	4850	5412	0
4435	5083	4815	4029	4923	5380	4880	5637	0
4433	5076	4812	4029	4817	4620	4674	4905	0
4437	5083	4808	4029	4790	4009	4569	4325	0
4441	5082	4807	4027	4886	4435	4757	4685	0
4439	5071	4803	4027	4940	5203	4939	5351	0
4438	5070	4799	4028	4864	5108	4822	5299	0
4443	5075	4800	4029	4745	4342	4561	4661	0
4446	5077	4803	4032	4742	4167	4526	4482	0
4444	5075	4798	4027	4842	4748	4786	4948	0
4445	5076	4792	4027	4926	5082	5003	5232	0
4451	5081	4792	4034	4886	4700	4862	4925	0
4453	5078	4790	4033	4745	4187	4542	4511	0
4452	5075	4783	4032	4723	4410	4537	4724	0
4453	5080	4789	4035	4852	5034	4811	5238	0
4449	5078	4806	4035	4924	4967	4893	5121	0
4444	5074	4817	4032	4854	4293	4705	4521	0
4441	5072	4823	4031	4758	4073	4551	4404	0
4437	5070	4836	4027	4765	4703	4646	5028	0
4431	5072	4858	4026	4842	5275	4802	5487	0
4427	5083	4889	4031	4882	4877	4782	5071	0
4428	5095	4913	4036	4875	4068	4691	4393	0
4430	5096	4915	4037	4889	4200	4727	4563	0
4430	5088	4904	4036	4927	5132	4873	5388	0
4429	5085	4900	4036	4910	5344	4887	5572	0
4430	5081	4893	4034	4796	4526	4662	4831	0
4434	5073	4872	4035	4729	3966	4514	4278	0
4434	5067	4856	4035	4790	4448	4704	4667	0
4429	5070	4872	4033	4882	5157	4952	5310	0
4440	5074	4856	4035	4840	4963	4825	5165	0
4447	5075	4847	4036	4718	4268	4526	4580	0
4399	5103	5036	4031	4848	4375	4707	4707	0
4326	5137	5341	4027	5196	5136	5254	5356	0
4308	5138	5420	4026	5349	5324	5435	5467	0
4342	5122	5276	4026	5155	4776	5093	5012	0
4329	5142	5358	4027	5047	4652	4941	4985	0
4340	5137	5333	4032	5013	4923	4940	5222	0
4531	5000	4448	4045	4376	4374	4212	4692	0
4757	4828	3386	4058	3450	3383	3185	3696	0
4807	4791	3171	4067	3157	2934	2823	3119	0
4771	4831	3350	4069	3322	2869	2923	3025	0
4782	4821	3279	4065	3396	3132	3152	3370	0
4787	4807	3241	4062	3462	3538	3405	3838	0
4768	4827	3333	4065	3491	3362	3290	3626	0
4765	4834	3345	4066	3373	2961	2994	3123	0
4763	4828	3342	4061	3347	3146	3065	3304	0
4759	4824	3346	4058	3459	3575	3346	3834	0
4758	4828	3348	4062	3554	3548	3443	3885	0
4762	4838	3355	4065	3527	3042	3272	3324	0
4762	4844	3355	4064	3440	2901	3148	3068	0
4757	4842	3357	4063	3458	3505	3294	3667	0
4759	4842	3361	4063	3537	3925	3463	4201	0
4756	4844	3363	4064	3538	3418	3373	3770	0
4751	4841	3368	4062	3492	2726	3197	3030	0
4752	4843	3371	4061	3512	2911	3253	3141	0
4752	4849	3361	4062	3591	3761	3481	4032	0
4748	4850	3350	4058	3593	4004	3497	4343	0
4748	4845	3385	4055	3493	3204	3195	3462	0
4747	4849	3369	4058	3498	2736	3113	2920	0
4744	4853	3333	4058	3626	3297	3413	3531	0
4742	4809	3572	4054	3471	3530	3357	3791	0
4740	4768	3837	4054	3169	3006	2916	3195	0
4740	4773	3842	4057	3093	2673	2664	2775	0
4738	4772	3832	4055	3096	2784	2659	2865	0
4735	4766	3853	4052	3173	3065	2914	3205	0
4734	4771	3845	4053	3276	3141	3117	3341	0
4734	4774	3840	4052	3234	2868	2920	3056	0
4733	4778	3836	4051	3149	2721	2715	2861	0
4732	4781	3841	4053	3151	3002	2830	3115	0
4730	4778	3839	4051	3237	3292	3061	3443	0
4729	4778	3838	4049	3296	3098	3086	3318	0
4730	4783	3841	4048	3265	2686	2916	2880	0
4729	4790	3845	4048	3218	2710	2857	2829	0
4725	4789	3848	4047	3236	3210	3004	3321	0
4721	4784	3843	4044	3257	3394	3092	3562	0
4721	4786	3839	4043	3247	2902	2964	3107	0
4721	4790	3846	4045	3249	2492	2849	2681	0
4720	4789	3849	4043	3289	2806	2957	2960	0
4720	4792	3848	4041	3344	3398	3165	3551	0
4721	4798	3852	4044	3348	3414	3146	3598	0
4721	4800	3855	4045	3297	2900	2880	3062	0
4717	4796	3852	4040	3268	2684	2780	2805	0
4713	4794	3850	4039	3329	3066	3025	3212	0
4712	4797	3853	4041	3408	3470	3265	3666	0
4714	4802	3856	4040	3389	3296	3136	3501	0
4713	4805	3856	4040	3317	2911	2847	3067	0
4709	4805	3855	4039	3313	2988	2856	3098	0
4708	4805	3856	4037	3380	3363	3130	3510	0
4709	4808	3858	4038	3430	3424	3261	3640	0
4707	4810	3862	4039	3416	3066	3103	3251	0
4705	4809	3860	4037	3361	2898	2948	3013	0
4701	4800	3855	4034	3332	3236	3015	3355	0
4696	4792	3854	4032	3358	3538	3166	3715	0
4696	4799	3857	4031	3395	3275	3169	3497	0
4697	4802	3855	4030	3375	2763	3016	2970	0
4694	4795	3851	4029	3334	2782	2972	2935	0
4690	4796	3854	4028	3359	3382	3137	3516	0
4690	4807	3861	4030	3402	3625	3215	3806	0
4694	4813	3863	4033	3410	3083	3076	3307	0
4697	4816	3864	4034	3422	2662	2998	2874	0
4698	4824	3871	4034	3470	3049	3150	3224	0
4698	4829	3875	4036	3510	3655	3337	3831	0
4696	4824	3873	4034	3491	3617	3262	3823	0
4693	4822	3872	4031	3457	3078	3003	3255	0
4694	4827	3875	4031	3462	2901	2966	3029	0
4697	4834	3876	4035	3520	3337	3230	3493	0
4694	4838	3879	4036	3570	3727	3425	3930	0
4692	4833	3878	4031	3538	3468	3274	3652	0
4691	4829	3875	4027	3491	3051	3022	3184	0
4688	4833	3876	4031	3503	3185	3050	3303	0
4687	4837	3882	4033	3549	3629	3295	3789	0
4691	4840	3884	4030	3579	3678	3408	3893	0
4690	4843	3884	4030	3577	3198	3273	3400	0
4686	4845	3886	4031	3560	3004	3156	3141	0
4685	4840	3887	4029	3555	3500	3241	3623	0
4685	4841	3887	4029	3567	3878	3356	4056	0
4685	4850	3889	4033	3583	3501	3319	3734	0
4685	4848	3889	4033	3579	2946	3206	3181	0
4680	4841	3886	4028	3567	3043	3222	3240	0
4676	4845	3891	4026	3585	3683	3367	3851	0
4681	4850	3895	4030	3608	3908	3382	4105	0
4682	4849	3891	4030	3601	3295	3215	3532	0
4678	4848	3891	4027	3594	2833	3153	3052	0
4681	4855	3897	4030	3630	3274	3323	3452	0
4681	4858	3897	4032	3653	3884	3481	4061	0
4675	4858	3897	4029	3647	3781	3400	3971	0
4678	4862	3901	4029	3656	3246	3199	3410	0
4678	4858	3899	4029	3651	3105	3166	3243	0
4671	4854	3898	4026	3648	3538	3356	3710	0
4671	4861	3902	4028	3678	3875	3509	4085	0
4676	4867	3902	4028	3684	3544	3406	3735	0
4674	4863	3900	4026	3656	3146	3216	3286	0
4670	4856	3899	4026	3650	3370	3226	3498	0
4667	4859	3899	4026	3666	3829	3402	4001	0
4668	4863	3899	4025	3673	3779	3471	3997	0
4667	4857	3897	4025	3657	3215	3342	3437	0
4663	4855	3898	4024	3657	3063	3262	3246	0
4665	4864	3903	4025	3686	3668	3372	3818	0
4668	4867	3903	4026	3689	4058	3449	4235	0
4666	4862	3903	4025	3681	3598	3379	3834	0
4664	4866	3909	4027	3706	3069	3327	3310	0
4668	4878	3911	4029	3743	3273	3407	3470	0
4666	4879	3912	4026	3747	3902	3516	4074	0
4660	4868	3911	4025	3721	4040	3467	4232	0
4660	4866	3907	4026	3710	3411	3308	3633	0
4663	4875	3909	4025	3733	2998	3293	3218	0
4666	4884	3921	4029	3778	3493	3476	3692	0
4667	4885	3924	4031	3795	4087	3617	4277	0
4664	4882	3918	4027	3771	3870	3519	4054	0
4662	4884	3920	4025	3769	3309	3332	3464	0
4662	4884	3923	4027	3785	3281	3326	3422	0
4664	4885	3924	4028	3798	3788	3511	3964	0
4665	4891	3928	4032	3824	4063	3641	4277	0
4661	4889	3928	4031	3816	3604	3535	3806	0
4656	4882	3923	4026	3783	3193	3364	3340	0
4657	4884	3924	4026	3789	3557	3391	3687	0
4658	4886	3926	4027	3808	4072	3538	4251	0
4653	4882	3924	4023	3794	3897	3558	4129	0
4651	4882	3926	4020	3788	3298	3455	3542	0
4657	4889	3930	4024	3820	3247	3443	3456	0
4659	4893	3930	4028	3835	3895	3541	4057	0
4653	4891	3930	4027	3823	4250	3566	4435	0
4652	4896	3934	4026	3838	3743	3503	3997	0
4656	4900	3935	4027	3856	3189	3462	3442	0
4652	4893	3934	4025	3844	3428	3521	3634	0
4651	4897	3940	4024	3856	4096	3641	4277	0
4656	4908	3944	4026	3887	4184	3635	4358	0
4653	4905	3937	4025	3873	3494	3469	3686	0
4646	4888	3929	4020	3828	3090	3383	3299	0
4645	4885	3933	4019	3823	3614	3527	3816	0
4648	4894	3938	4022	3850	4173	3678	4370	0
4650	4902	3937	4025	3869	3893	3616	4084	0
4651	4909	3942	4026	3896	3365	3476	3519	0
4649	4907	3944	4025	3898	3424	3466	3568	0
4647	4901	3940	4022	3881	3942	3592	4129	0
4645	4900	3940	4022	3882	4111	3674	4335	0
4642	4897	3938	4021	3871	3583	3578	3811	0
4643	4896	3936	4020	3868	3250	3466	3441	0
4644	4901	3943	4021	3892	3729	3520	3881	0
4642	4902	3945	4020	3898	4237	3626	4416	0
4640	4903	3938	4017	3881	3969	3616	4211	0
4638	4903	3936	4017	3877	3360	3536	3613	0
4639	4905	3944	4018	3904	3370	3545	3583	0
4641	4907	3947	4018	3914	4032	3632	4211	0
4643	4910	3947	4019	3909	4355	3641	4545	0
4643	4914	3948	4021	3931	3805	3572	4046	0
4643	4914	3949	4023	3947	3250	3545	3510	0
4643	4915	3952	4022	3945	3569	3632	3796	0
4643	4919	3956	4023	3962	4240	3747	4432	0
4643	4918	3954	4023	3970	4196	3710	4375	0
4640	4913	3947	4019	3949	3496	3555	3677	0
4639	4914	3949	4019	3950	3258	3532	3450	0
4643	4924	3958	4025	3989	3867	3695	4072	0
4644	4926	3957	4023	3997	4317	3790	4528	0
4638	4920	3951	4020	3968	3902	3698	4105	0
4637	4921	3954	4022	3974	3390	3585	3557	0
4635	4917	3956	4018	3969	3550	3564	3706	0
4628	4905	3949	4011	3929	4071	3634	4266	0
4631	4912	3953	4017	3946	4175	3729	4404	0
4637	4927	3962	4023	3992	3654	3711	3902	0
4638	4933	3964	4023	4021	3389	3647	3615	0
4640	4930	3964	4023	4025	3897	3678	4070	0
4640	4926	3963	4022	4011	4384	3740	4574	0
4637	4928	3964	4022	4015	4084	3732	4344	0
4635	4924	3960	4020	4000	3452	3652	3709	0
4634	4916	3957	4015	3976	3472	3641	3689	0
4629	4917	3958	4012	3978	4151	3721	4341	0
4624	4912	3955	4010	3968	4413	3702	4583	0
4623	4910	3953	4009	3957	3781	3598	4000	0
4627	4915	3959	4011	3977	3264	3589	3535	0
4630	4922	3966	4012	4003	3682	3708	3913	0
4629	4923	3964	4012	4006	4316	3802	4506	0
4629	4924	3963	4013	4008	4174	3754	4369	0
4630	4928	3965	4013	4021	3526	3644	3713	0
4630	4928	3967	4012	4020	3385	3627	3562	0
4630	4930	3971	4016	4033	3973	3749	4178	0
4633	4934	3977	4020	4060	4373	3850	4597	0
4635	4936	3977	4017	4059	3924	3793	4147	0
4634	4941	3976	4015	4065	3420	3698	3613	0
4635	4942	3980	4017	4084	3715	3718	3885	0
4637	4942	3981	4015	4086	4327	3811	4520	0
4634	4942	3977	4013	4071	4281	3833	4514	0
4628	4931	3970	4011	4027	3610	3725	3868	0
4621	4917	3964	4007	3992	3387	3637	3613	0
4618	4913	3963	4005	3993	3971	3673	4144	0
4620	4915	3964	4006	3998	4416	3723	4606	0
4621	4920	3968	4006	4006	4027	3706	4286	0
4621	4924	3971	4006	4011	3429	3664	3695	0
4623	4925	3971	4007	4032	3580	3714	3812	0
4625	4931	3974	4008	4062	4278	3816	4475	0
4625	4935	3978	4009	4062	4444	3800	4612	0
4626	4934	3978	4009	4053	3790	3702	4014	0
4624	4930	3973	4008	4044	3330	3666	3609	0
4622	4931	3975	4006	4048	3786	3761	4020	0
4622	4933	3977	4004	4057	4391	3854	4584	0
4624	4934	3976	4005	4054	4179	3809	4382	0
4629	4944	3982	4010	4087	3564	3737	3754	0
4627	4945	3985	4010	4098	3504	3736	3683	0
4619	4934	3981	4005	4058	4073	3795	4285	0
4619	4933	3977	4005	4051	4382	3853	4609	0
4623	4936	3977	4007	4063	3881	3805	4114	0
4622	4940	3982	4006	4081	3420	3722	3635	0
4622	4941	3986	4005	4098	3778	3743	3961	0
4621	4937	3984	4007	4085	4364	3818	4563	0
4618	4932	3979	4005	4060	4252	3820	4498	0
4614	4924	3976	4000	4034	3602	3730	3863	0
4612	4927	3977	4001	4045	3462	3700	3689	0
4616	4939	3984	4004	4087	4121	3790	4290	0
4621	4942	3987	4005	4101	4569	3839	4730	0
4624	4943	3988	4006	4098	4118	3800	4350	0
4625	4946	3991	4008	4111	3515	3780	3784	0
4623	4948	3992	4006	4120	3715	3830	3953	0
4623	4946	3990	4005	4113	4383	3888	4575	0
4622	4945	3990	4006	4109	4435	3863	4609	0
4621	4949	3992	4005	4116	3752	3786	3982	0
4623	4954	3996	4006	4136	3433	3787	3712	0
4626	4960	4004	4008	4166	4000	3897	4237	0
4625	4956	4002	4004	4153	4502	3945	4697	0
4621	4949	3992	4001	4105	4134	3854	4338	0
4623	4955	3994	4006	4121	3538	3788	3722	0
4625	4958	4001	4010	4156	3610	3815	3782	0
4619	4948	3997	4005	4133	4208	3873	4417	0
4617	4948	3994	4002	4116	4433	3913	4658	0
4620	4956	3996	4003	4132	3896	3878	4141	0
4617	4951	3998	4003	4128	3471	3791	3709	0
4614	4944	3995	4002	4113	3890	3780	4078	0
4617	4951	3996	4002	4128	4495	3858	4690	0
4622	4966	4003	4004	4164	4343	3919	4595	0
4624	4969	4010	4007	4186	3706	3905	3974	0
4623	4961	4009	4006	4173	3625	3867	3864	0
4618	4953	4003	4003	4143	4260	3869	4435	0
4617	4956	4002	4003	4143	4611	3885	4744	0
4620	4958	4003	4006	4157	4080	3854	4290	0
4618	4950	4000	4004	4138	3494	3807	3778	0
4615	4949	4000	4002	4131	3784	3850	4030	0
4616	4956	4003	4004	4151	4450	3932	4637	0
4615	4954	4001	4005	4142	4389	3903	4567	0
4614	4951	4000	4004	4131	3673	3817	3904	0
4615	4954	4004	4005	4147	3423	3808	3701	0
4616	4952	4004	4005	4150	4028	3888	4274	0
4615	4949	4003	4002	4143	4508	3949	4711	0
4612	4950	4002	4000	4137	4081	3900	4298	0
4612	4951	4003	4004	4140	3491	3813	3692	0
4617	4954	4006	4008	4156	3701	3825	3874	0
4618	4957	4009	4006	4174	4367	3922	4573	0
4616	4963	4012	4005	4186	4472	3981	4709	0
4617	4966	4013	4008	4180	3864	3928	4123	0
4619	4965	4014	4009	4188	3551	3868	3794	0
4621	4967	4017	4006	4209	4081	3909	4270	0
4621	4968	4015	4006	4206	4625	3964	4817	0
4617	4965	4012	4007	4188	4322	3937	4577	0
4616	4962	4012	4006	4178	3650	3882	3926	0
4617	4966	4014	4007	4193	3696	3899	3937	0
4614	4966	4014	4006	4201	4389	3951	4564	0
4613	4963	4014	4005	4189	4609	3939	4749	0
4616	4964	4014	4005	4187	3995	3890	4215	0
4614	4960	4012	4003	4182	3496	3861	3790	0
4613	4960	4013	4003	4188	3892	3921	4146	0
4617	4966	4019	4005	4209	4534	4005	4730	0
4615	4965	4018	4007	4203	4370	3975	4561	0
4613	4961	4014	4005	4193	3654	3891	3883	0
4614	4963	4016	4005	4195	3500	3874	3766	0
4615	4965	4019	4006	4199	4145	3948	4392	0
4615	4963	4017	4003	4203	4557	4011	4770	0
4612	4960	4014	4002	4191	4065	3954	4302	0
4609	4963	4017	4006	4194	3520	3882	3752	0
4612	4966	4021	4008	4212	3814	3907	4008	0
4614	4965	4017	4007	4213	4459	3965	4671	0
4612	4969	4017	4007	4216	4462	3989	4712	0
4612	4970	4018	4009	4215	3835	3954	4100	0
4613	4964	4018	4009	4207	3591	3906	3835	0
4612	4964	4019	4009	4223	4173	3936	4357	0
4612	4969	4022	4007	4233	4687	3987	4840	0
4612	4967	4020	4007	4214	4294	3954	4517	0
4610	4965	4021	4007	4201	3625	3902	3908	0
4610	4965	4024	4008	4217	3773	3940	4025	0
4610	4962	4021	4009	4222	4475	3992	4656	0
4611	4963	4020	4009	4213	4586	3974	4740	0
4613	4968	4024	4008	4226	3932	3937	4163	0
4613	4968	4024	4008	4230	3533	3923	3834	0
4613	4968	4025	4009	4232	4016	3981	4276	0
4613	4973	4028	4010	4249	4610	4061	4813	0
4612	4971	4027	4010	4242	4331	4025	4537	0
4609	4966	4023	4010	4221	3618	3929	3825	0
4610	4967	4023	4010	4228	3607	3927	3815	0
4615	4972	4028	4012	4255	4306	4020	4534	0
4614	4974	4032	4012	4262	4593	4064	4823	0
4612	4972	4030	4011	4247	4032	4015	4288	0
4611	4973	4028	4012	4253	3573	3966	3831	0
4608	4972	4027	4011	4249	3936	3958	4147	0
4604	4965	4024	4010	4217	4524	3973	4741	0
4606	4962	4024	4012	4220	4425	3997	4694	0
4609	4968	4027	4014	4239	3792	3978	4073	0
4607	4971	4027	4011	4239	3650	3945	3898	0
4607	4967	4028	4010	4242	4274	3978	4457	0
4608	4968	4031	4011	4253	4688	4017	4827	0
4607	4972	4028	4011	4249	4217	3983	4432	0
4604	4966	4025	4011	4223	3592	3923	3887	0
4602	4962	4027	4009	4223	3820	3954	4086	0
4605	4967	4030	4010	4251	4523	4036	4729	0
4605	4966	4027	4011	4238	4527	4012	4707	0
4601	4961	4022	4011	4221	3810	3937	4046	0
4604	4968	4028	4013	4249	3527	3950	3827	0
4609	4980	4038	4018	4289	4142	4054	4411	0
4608	4980	4038	4019	4289	4671	4111	4885	0
4602	4968	4028	4014	4253	4257	4037	4480	0
4600	4963	4026	4010	4232	3573	3939	3785	0
4598	4964	4028	4010	4230	3666	3928	3862	0
4598	4964	4029	4015	4240	4356	4002	4586	0
4600	4965	4029	4017	4245	4549	4047	4800	0
4599	4964	4028	4014	4235	3957	3997	4227	0
4601	4973	4032	4016	4268	3591	3976	3853	0
4605	4981	4040	4022	4304	4057	4028	4268	0
4604	4974	4037	4022	4284	4627	4051	4839	0
4601	4969	4030	4017	4261	4422	4027	4692	0
4599	4967	4030	4015	4254	3751	3980	4044	0
4598	4968	4033	4017	4256	3696	3967	3952	0
4601	4970	4036	4021	4267	4368	4016	4552	0
4603	4971	4035	4021	4271	4685	4041	4831	0
4601	4974	4035	4021	4274	4145	4007	4371	0
4599	4975	4036	4023	4276	3614	3978	3912	0
4600	4970	4034	4022	4274	3918	4018	4187	0
4596	4961	4031	4018	4249	4532	4046	4746	0
4591	4958	4026	4017	4215	4434	3990	4626	0
4591	4964	4024	4018	4225	3745	3941	3988	0
4592	4968	4030	4022	4254	3534	3961	3843	0
4596	4972	4038	4023	4276	4163	4043	4441	0
4601	4978	4041	4024	4296	4651	4110	4869	0
4599	4982	4040	4025	4294	4209	4081	4455	0
4598	4984	4040	4028	4295	3590	4025	3845	0
4602	4985	4041	4027	4312	3806	4041	4024	0
4603	4987	4045	4026	4327	4510	4105	4744	0
4604	4994	4047	4030	4341	4620	4139	4883	0
4606	4998	4047	4033	4343	4000	4109	4280	0
4606	4998	4050	4034	4345	3674	4077	3947	0
4607	4997	4053	4035	4358	4202	4108	4413	0
4606	4997	4049	4033	4355	4771	4141	4938	0
4606	4997	4039	4034	4338	4467	4110	4697	0
4609	4992	4024	4037	4318	3756	4045	4060	0
4604	4987	4037	4035	4315	3795	4040	4069	0
4598	4982	4036	4031	4295	4452	4050	4636	0
4605	4981	4007	4030	4282	4657	4067	4808	0
4577	5011	4172	4030	4433	4273	4217	4490	0
4500	5056	4536	4026	4689	4108	4433	4411	0
4452	5073	4731	4020	4827	4640	4610	4938	0
4466	5070	4686	4022	4840	5198	4730	5384	0
4477	5074	4668	4026	4848	4926	4762	5111	0
4470	5078	4697	4026	4851	4248	4700	4577	0
4471	5070	4668	4025	4814	4223	4615	4589	0
4475	5065	4646	4026	4796	4873	4642	5152	0
4477	5063	4644	4026	4793	5157	4689	5380	0
4478	5061	4637	4024	4770	4636	4609	4900	0
4476	5062	4633	4025	4754	4058	4538	4406	0
4477	5058	4628	4025	4742	4302	4594	4646	0
4478	5052	4624	4026	4733	5025	4671	5263	0
4481	5052	4622	4027	4734	5056	4630	5264	0
4483	5053	4617	4027	4714	4365	4497	4656	0
4485	5055	4613	4026	4706	4096	4462	4404	0
4488	5054	4610	4027	4727	4611	4585	4826	0
4488	5048	4604	4028	4727	5011	4669	5154	0
4486	5049	4598	4027	4696	4690	4578	4888	0
4490	5052	4598	4028	4678	4163	4445	4469	0
4494	5052	4594	4032	4692	4296	4449	4591	0
4492	5048	4588	4031	4698	4872	4557	5061	0
4493	5046	4588	4030	4691	4889	4625	5041	0
4500	5054	4591	4034	4703	4332	4583	4572	0
4501	5057	4587	4037	4702	4074	4488	4392	0
4502	5054	4581	4035	4696	4539	4486	4832	0
4501	5051	4578	4035	4696	5036	4575	5262	0
4496	5041	4571	4034	4657	4691	4561	4924	0
4497	5035	4565	4031	4626	3958	4469	4283	0
4501	5041	4566	4032	4643	4002	4476	4370	0
4501	5041	4562	4034	4652	4733	4533	5027	0
4500	5033	4553	4033	4632	4965	4512	5187	0
4500	5039	4555	4033	4632	4422	4455	4690	0
4506	5051	4563	4037	4671	3983	4475	4309	0
4512	5048	4559	4041	4680	4323	4537	4599	0
4510	5043	4549	4039	4655	4971	4572	5168	0
4508	5045	4548	4037	4645	4901	4535	5116	0
4510	5044	4546	4036	4633	4201	4418	4501	0
4511	5044	4544	4038	4637	4036	4393	4335	0
4512	5046	4544	4042	4664	4619	4514	4825	0
4514	5042	4538	4042	4663	4937	4587	5085	0
4513	5040	4533	4038	4642	4533	4515	4747	0
4513	5040	4532	4038	4631	4038	4402	4353	0
4514	5038	4528	4040	4630	4256	4388	4556	0
4515	5039	4526	4041	4640	4881	4489	5071	0
4518	5042	4529	4043	4651	4832	4569	4991	0
4522	5045	4527	4045	4653	4166	4520	4425	0
4520	5037	4521	4043	4630	3934	4420	4267	0
4516	5030	4514	4040	4608	4474	4411	4764	0
4516	5031	4510	4041	4609	4929	4473	5150	0
4516	5031	4508	4042	4593	4537	4463	4784	0
4517	5027	4506	4039	4574	3838	4406	4171	0
4517	5027	4502	4039	4580	3943	4421	4293	0
4517	5030	4502	4041	4593	4714	4477	4993	0
4520	5027	4501	4041	4588	4897	4462	5138	0
4521	5024	4496	4041	4566	4260	4370	4547	0
4523	5028	4495	4042	4575	3858	4352	4162	0
4525	5031	4493	4043	4591	4311	4431	4540	0
4525	5030	4489	4043	4589	4932	4491	5093	0
4527	5033	4492	4047	4594	4766	4461	4976	0
4531	5035	4494	4049	4587	4077	4359	4383	0
4530	5029	4484	4045	4569	3998	4322	4292	0
4526	5022	4474	4041	4557	4601	4389	4794	0
4524	5019	4473	4040	4547	4830	4441	4977	0
4528	5027	4476	4043	4556	4358	4411	4587	0
4530	5027	4474	4044	4552	3896	4327	4211	0
4526	5014	4465	4042	4521	4167	4289	4461	0
4524	5010	4460	4041	4515	4787	4360	5007	0
4527	5016	4461	4043	4532	4683	4421	4883	0
4533	5023	4466	4047	4547	3977	4393	4248	0
4535	5023	4466	4049	4548	3818	4357	4155	0
4534	5020	4459	4045	4542	4462	4378	4755	0
4534	5021	4456	4042	4538	4877	4413	5096	0
4534	5021	4456	4045	4525	4400	4385	4663	0
4534	5020	4455	4050	4524	3763	4349	4085	0
4534	5018	4453	4047	4528	3954	4364	4245	0
4537	5016	4450	4044	4524	4686	4398	4940	0
4537	5015	4447	4047	4520	4800	4390	5062	0
4536	5013	4446	4049	4507	4144	4308	4438	0
4536	5012	4445	4046	4494	3787	4261	4076	0
4534	5008	4439	4042	4486	4293	4311	4507	0
4533	5005	4434	4041	4477	4853	4359	5009	0
4534	5002	4436	4043	4467	4565	4314	4786	0
4535	5001	4438	4043	4461	3895	4236	4212	0
4535	5006	4436	4043	4474	3955	4246	4250	0
4539	5011	4431	4045	4487	4611	4324	4807	0
4544	5012	4431	4046	4495	4766	4382	4920	0
4542	5011	4433	4047	4497	4195	4351	4436	0
4533	5000	4425	4045	4450	3742	4236	4065	0
4531	4990	4416	4041	4416	4108	4207	4399	0
4536	4997	4418	4040	4446	4733	4302	4962	0
4538	4998	4416	4043	4445	4540	4320	4761	0
4536	4993	4410	4042	4421	3793	4251	4070	0
4535	4992	4408	4040	4424	3685	4238	4014	0
4537	4992	4407	4042	4426	4367	4273	4656	0
4539	4993	4405	4042	4422	4734	4290	4965	0
4539	4997	4405	4043	4427	4228	4275	4509	0
4540	5001	4404	4045	4437	3681	4257	3991	0
4543	4997	4397	4046	4431	3973	4262	4227	0
4543	4992	4390	4045	4418	4649	4283	4890	0
4537	4985	4386	4043	4389	4607	4250	4885	0
4533	4975	4382	4041	4348	3911	4156	4210	0
4534	4976	4379	4040	4350	3691	4136	3972	0
4539	4980	4381	4042	4372	4285	4194	4495	0
4538	4977	4379	4042	4365	4750	4220	4902	0
4538	4984	4379	4042	4366	4380	4198	4606	0
4542	4993	4384	4043	4385	3767	4171	4092	0
4544	4991	4385	4044	4402	3922	4187	4216	0
4547	4988	4382	4045	4411	4615	4251	4809	0
4549	4993	4381	4047	4409	4687	4283	4850	0
4548	4995	4381	4046	4404	4011	4242	4263	0
4543	4990	4381	4045	4390	3655	4192	3981	0
4545	4991	4382	4049	4403	4178	4233	4472	0
4552	5000	4386	4054	4433	4747	4310	4980	0
4555	5001	4385	4054	4426	4435	4298	4670	0
4555	5002	4384	4053	4429	3743	4267	4034	0
4557	5004	4386	4053	4441	3747	4274	4075	0
4556	4998	4382	4053	4427	4438	4288	4728	0
4553	4998	4376	4053	4417	4725	4296	4968	0
4552	5000	4373	4051	4406	4151	4254	4440	0
4554	4999	4375	4052	4406	3669	4224	3970	0
4556	4996	4375	4054	4411	4047	4246	4287	0
4552	4991	4370	4051	4395	4679	4266	4921	0
4552	4990	4368	4048	4384	4576	4247	4865	0
4552	4987	4366	4049	4368	3886	4171	4191	0
4549	4983	4361	4047	4351	3713	4130	3992	0
4548	4985	4359	4047	4360	4342	4186	4547	0
4550	4987	4357	4049	4366	4737	4230	4893	0
4550	4983	4352	4048	4346	4256	4184	4497	0
4548	4977	4352	4046	4328	3664	4118	3989	0
4546	4977	4351	4044	4328	3903	4128	4198	0
4546	4982	4344	4042	4333	4576	4190	4811	0
4549	4984	4343	4045	4336	4567	4208	4776	0
4552	4984	4349	4050	4347	3874	4172	4141	0
4552	4984	4349	4048	4356	3598	4160	3932	0
4552	4987	4346	4046	4363	4186	4205	4484	0
4555	4989	4347	4050	4371	4697	4251	4936	0
4558	4990	4348	4053	4366	4307	4233	4565	0
4557	4991	4349	4052	4366	3651	4191	3913	0
4554	4991	4347	4050	4366	3754	4180	3998	0
4554	4986	4338	4049	4349	4433	4201	4695	0
4555	4981	4334	4049	4335	4606	4210	4880	0
4553	4985	4338	4051	4336	4016	4177	4313	0
4554	4991	4342	4049	4353	3644	4162	3930	0
4555	4984	4336	4047	4351	4096	4175	4327	0
4553	4977	4328	4050	4330	4668	4186	4904	0
4554	4982	4327	4051	4328	4457	4175	4752	0
4554	4981	4328	4047	4319	3771	4117	4087	0
4555	4981	4329	4050	4322	3733	4105	4017	0
4561	4991	4332	4056	4365	4441	4197	4646	0
4564	4995	4333	4055	4382	4738	4254	4894	0
4562	4990	4330	4053	4360	4163	4200	4409	0
4560	4987	4327	4052	4348	3654	4138	3980	0
4560	4989	4327	4051	4348	4000	4158	4290	0
4559	4989	4324	4052	4341	4616	4209	4853	0
4561	4988	4321	4053	4341	4492	4212	4708	0
4560	4987	4322	4050	4342	3778	4167	4044	0
4555	4981	4318	4046	4317	3561	4130	3895	0
4554	4975	4314	4046	4305	4186	4156	4486	0
4557	4978	4313	4048	4320	4643	4201	4881	0
4560	4984	4314	4050	4329	4194	4191	4469	0
4563	4985	4318	4052	4335	3602	4157	3890	0
4563	4978	4317	4051	4327	3811	4144	4056	0
4558	4975	4308	4047	4305	4464	4155	4721	0
4556	4974	4303	4045	4291	4518	4156	4808	0
4555	4967	4303	4044	4269	3882	4100	4183	0
4555	4971	4302	4045	4275	3596	4072	3878	0
4561	4986	4306	4050	4330	4191	4153	4404	0
4569	4994	4313	4055	4368	4777	4233	4951	0
4570	4995	4316	4055	4365	4454	4215	4703	0
4568	4993	4311	4053	4346	3756	4146	4085	0
4565	4987	4304	4052	4333	3810	4125	4107	0
4564	4983	4298	4051	4321	4494	4160	4696	0
4562	4980	4297	4049	4306	4651	4171	4815	0
4562	4981	4296	4050	4310	4016	4140	4271	0
4565	4985	4295	4052	4323	3598	4121	3930	0
4566	4984	4294	4050	4322	4045	4156	4343	0
4564	4981	4291	4050	4313	4628	4198	4867	0
4566	4984	4289	4053	4316	4400	4189	4633	0
4571	4990	4294	4052	4342	3711	4170	3985	0
4567	4985	4291	4051	4334	3604	4149	3918	0
4560	4974	4280	4048	4291	4228	4138	4517	0
4563	4974	4275	4044	4281	4584	4160	4832	0
4563	4976	4279	4045	4284	4070	4142	4360	0
4561	4975	4279	4049	4282	3545	4092	3834	0
4563	4974	4275	4048	4286	3877	4096	4110	0
4563	4973	4272	4046	4288	4534	4142	4787	0
4562	4972	4272	4046	4283	4479	4145	4781	0
4563	4970	4272	4045	4268	3816	4082	4124	0
4565	4972	4272	4047	4280	3626	4067	3913	0
4564	4974	4270	4048	4295	4230	4116	4452	0
4559	4970	4263	4045	4274	4683	4123	4848	0
4558	4970	4262	4046	4260	4267	4085	4508	0
4564	4971	4265	4049	4266	3626	4054	3953	0
4563	4967	4262	4047	4269	3790	4066	4085	0
4562	4968	4261	4051	4275	4507	4126	4727	0
4567	4975	4263	4053	4289	4587	4154	4781	0
4566	4970	4258	4046	4273	3861	4092	4126	0
4558	4961	4255	4044	4243	3484	4031	3815	0
4562	4965	4260	4051	4260	4045	4093	4340	0
4565	4970	4261	4051	4282	4606	4167	4850	0
4560	4966	4254	4044	4262	4263	4123	4510	0
4558	4966	4255	4047	4260	3598	4064	3831	0
4563	4971	4261	4054	4283	3655	4085	3885	0
4566	4972	4262	4055	4295	4336	4146	4602	0
4562	4970	4254	4052	4277	4555	4148	4833	0
4558	4964	4251	4050	4244	3955	4081	4255	0
4562	4962	4257	4052	4255	3538	4055	3826	0
4562	4963	4254	4053	4271	3962	4080	4196	0
4559	4965	4250	4051	4265	4563	4109	4812	0
4565	4975	4261	4054	4293	4450	4143	4755	0
4569	4981	4267	4058	4310	3803	4117	4117	0
4566	4976	4260	4056	4293	3677	4073	3959	0
4569	4980	4261	4057	4315	4335	4136	4545	0
4573	4988	4265	4063	4349	4722	4212	4885	0
4571	4985	4263	4062	4326	4196	4165	4446	0
4568	4977	4260	4058	4300	3620	4093	3952	0
4570	4981	4260	4063	4320	3926	4126	4226	0
4572	4982	4258	4064	4331	4585	4189	4825	0
4572	4980	4257	4062	4319	4521	4186	4736	0
4573	4985	4261	4064	4327	3828	4153	4098	0
4571	4982	4258	4064	4322	3561	4127	3896	0
4566	4974	4251	4061	4308	4125	4147	4426	0
4569	4979	4252	4063	4323	4629	4199	4871	0
4574	4984	4256	4067	4327	4246	4189	4514	0
4573	4983	4255	4068	4326	3608	4147	3881	0
4573	4983	4252	4069	4333	3753	4148	3992	0
4575	4985	4252	4068	4336	4449	4189	4711	0
4573	4989	4253	4067	4340	4603	4214	4890	0
4573	4989	4253	4068	4335	3994	4176	4295	0
4580	4991	4254	4072	4349	3636	4157	3928	0
4584	4998	4257	4074	4385	4154	4217	4389	0
4584	5000	4256	4073	4391	4763	4263	4967	0
4580	4996	4253	4072	4364	4497	4221	4764	0
4576	4991	4249	4072	4338	3781	4139	4109	0
4578	4990	4247	4073	4343	3782	4133	4080	0
4580	4992	4247	4075	4355	4465	4197	4671	0
4577	4991	4245	4074	4351	4695	4223	4857	0
4577	4992	4245	4074	4349	4127	4189	4377	0
4577	4992	4245	4075	4343	3645	4140	3976	0
4576	4988	4243	4074	4336	4009	4155	4311	0
4576	4989	4244	4074	4354	4653	4229	4893	0
4579	4994	4243	4076	4365	4503	4240	4725	0
4581	4996	4243	4075	4368	3776	4196	4053	0
4580	4996	4245	4078	4364	3618	4186	3952	0
4581	4997	4246	4082	4365	4281	4225	4578	0
4585	5001	4245	4081	4382	4723	4266	4962	0
4582	5000	4244	4080	4372	4225	4234	4505	0
4578	4998	4244	4081	4357	3602	4183	3901	0
4582	4998	4247	4082	4375	3874	4201	4125	0
4583	4999	4246	4085	4384	4589	4250	4848	0
4580	4998	4243	4085	4365	4602	4240	4895	0
4580	4999	4244	4083	4356	3948	4180	4253	0
4579	5000	4248	4084	4373	3698	4164	3985	0
4576	4992	4243	4085	4363	4224	4188	4445	0
4575	4990	4237	4084	4343	4727	4209	4901	0
4580	4998	4238	4085	4358	4424	4204	4665	0
4580	4997	4238	4087	4356	3751	4148	4080	0
4579	4996	4238	4088	4352	3826	4142	4131	0
4583	5002	4241	4089	4371	4543	4221	4744	0
4582	5002	4240	4090	4383	4703	4260	4857	0
4580	4998	4239	4093	4377	4062	4217	4315	0
4577	4993	4238	4092	4350	3627	4156	3969	0
4574	4988	4233	4087	4329	4052	4161	4354	0
4575	4990	4230	4089	4344	4650	4226	4892	0
4579	4997	4235	4096	4367	4427	4248	4674	0
4580	5000	4240	4096	4369	3709	4204	3992	0
4578	4998	4238	4094	4360	3644	4184	3958	0
4580	4998	4237	4098	4373	4358	4238	4652	0
4585	5003	4240	4102	4397	4713	4283	4963	0
4585	5004	4238	4100	4386	4152	4243	4442	0
4582	5001	4236	4100	4370	3613	4197	3924	0
4582	5000	4233	4102	4372	3957	4206	4212	0
4582	5000	4231	4102	4374	4628	4241	4882	0
4584	5007	4234	4102	4389	4591	4261	4887	0
4588	5009	4237	4104	4394	3938	4213	4249	0
4588	5007	4235	4107	4394	3753	4184	4043	0
4586	5008	4234	4106	4402	4343	4241	4563	0
4585	5007	4232	4105	4399	4768	4286	4928	0
4585	5006	4232	4105	4394	4365	4251	4602	0
4585	5005	4231	4106	4386	3756	4182	4091	0
4585	5008	4229	4108	4393	3944	4190	4242	0
4589	5013	4229	4113	4414	4642	4271	4845	0
4589	5013	4229	4114	4418	4682	4303	4858	0
4588	5012	4227	4112	4412	3989	4257	4251	0
4589	5011	4224	4114	4403	3654	4211	3991	0
4588	5007	4219	4116	4392	4171	4227	4473	0
4584	5001	4214	4114	4380	4689	4263	4935	0
4583	4997	4210	4111	4363	4347	4239	4601	0
4583	4993	4206	4111	4348	3650	4172	3911	0
4581	4987	4199	4112	4334	3682	4145	3939	0
4582	4991	4197	4113	4342	4392	4195	4663	0
4586	4997	4198	4114	4362	4640	4241	4920	0
4588	4997	4197	4115	4358	4053	4205	4359	0
4588	4999	4195	4118	4358	3622	4169	3916	0
4589	4999	4194	4118	4372	4062	4202	4302	0
4590	4994	4194	4118	4367	4682	4234	4929	0
4588	4993	4193	4120	4353	4499	4211	4802	0
4584	4992	4190	4119	4337	3797	4136	4117	0
4584	4989	4186	4118	4329	3707	4104	3995	0
4586	4990	4185	4119	4346	4374	4172	4588	0
4585	4989	4186	4119	4349	4709	4220	4872	0
4584	4986	4185	4117	4332	4176	4168	4427	0
4583	4985	4182	4118	4318	3620	4102	3958	0
4582	4986	4182	4121	4323	3921	4127	4221	0
4581	4985	4182	4119	4330	4587	4194	4826	0
4579	4980	4179	4116	4306	4508	4174	4727	0
4581	4980	4180	4117	4297	3777	4116	4051	0
4582	4985	4184	4121	4318	3536	4118	3874	0
4580	4981	4184	4121	4314	4151	4162	4454	0
4579	4979	4184	4119	4305	4635	4196	4879	0
4580	4984	4187	4120	4314	4203	4181	4473	0
4580	4987	4190	4122	4324	3575	4137	3842	0
4579	4986	4193	4122	4321	3762	4133	3993	0
4577	4985	4194	4120	4318	4449	4175	4709	0
4577	4985	4197	4121	4314	4551	4186	4842	0
4577	4985	4199	4123	4310	3938	4145	4244	0
4580	4989	4200	4124	4328	3626	4131	3913	0
4580	4987	4200	4122	4329	4129	4151	4360	0
4575	4981	4196	4121	4311	4677	4170	4905	0
4577	4984	4193	4123	4315	4413	4166	4709	0
4585	4987	4189	4125	4315	3737	4114	4068	0
4587	4985	4187	4125	4317	3754	4105	4046	0
4584	4984	4186	4126	4330	4448	4169	4656	0
4587	4987	4186	4128	4329	4685	4200	4846	0
4588	4988	4186	4126	4317	4074	4152	4327	0
4582	4987	4186	4121	4306	3581	4101	3920	0
4581	4988	4183	4123	4312	3977	4138	4281	0
4585	4983	4180	4125	4316	4603	4196	4845	0
4586	4985	4180	4125	4315	4434	4187	4662	0
4587	4993	4180	4126	4320	3713	4145	3992	0
4588	4986	4169	4124	4297	3532	4107	3866	0
4590	4982	4168	4124	4299	4199	4147	4498	0
4585	4991	4203	4125	4334	4664	4226	4903	0
4574	4991	4241	4122	4346	4190	4222	4473	0
4572	4997	4249	4123	4375	3621	4206	3926	0
4578	5000	4244	4124	4390	3868	4223	4122	0
4578	4996	4242	4121	4375	4535	4249	4790	0
4574	4999	4241	4118	4376	4605	4255	4893	0
4575	5002	4241	4121	4376	3992	4208	4295	0
4584	5007	4239	4124	4392	3718	4204	4007	0
4584	5010	4243	4124	4410	4247	4260	4470	0
4576	5004	4255	4121	4401	4760	4277	4931	0
4578	4993	4228	4120	4356	4404	4201	4646	0
4590	4981	4160	4120	4281	3672	4083	4001	0
4598	4986	4137	4122	4286	3751	4091	4043	0
4592	4984	4158	4121	4302	4446	4135	4649	0
4587	4973	4146	4116	4257	4595	4101	4769	0
4598	4983	4129	4119	4274	4017	4099	4285	0
4593	4989	4163	4120	4301	3602	4104	3944	0
4594	4971	4113	4116	4224	3900	4061	4190	0
4636	4948	3913	4118	4072	4290	3933	4541	0
4671	4935	3765	4124	3958	4039	3757	4292	0
4668	4933	3782	4124	3957	3464	3681	3679	0
4662	4931	3802	4120	3968	3322	3677	3530	0
4666	4933	3775	4123	3965	3831	3750	4089	0
4665	4938	3789	4124	3986	4196	3844	4485	0
4666	4933	3787	4121	3974	3767	3783	4033	0
4676	4930	3734	4122	3943	3298	3643	3503	0
4684	4926	3705	4124	3926	3546	3609	3742	0
4682	4922	3709	4122	3920	4056	3697	4309	0
4678	4922	3713	4121	3919	4005	3748	4304	0
4677	4920	3709	4121	3903	3417	3664	3729	0
4676	4918	3713	4118	3901	3255	3604	3528	0
4674	4918	3720	4116	3914	3836	3661	4052	0
4674	4921	3721	4117	3912	4242	3708	4485	0
4674	4926	3725	4119	3920	3833	3685	4158	0
4673	4927	3729	4118	3937	3282	3654	3603	0
4677	4931	3734	4118	3955	3452	3705	3728	0
4677	4935	3737	4118	3965	4094	3783	4345	0
4672	4931	3736	4117	3945	4235	3744	4463	0
4673	4930	3740	4120	3947	3611	3663	3887	0
4674	4935	3741	4120	3966	3175	3657	3503	0
4672	4935	3739	4116	3963	3628	3744	3915	0
4671	4935	3747	4115	3971	4240	3840	4485	0
4671	4936	3752	4116	3978	4042	3797	4285	0
4671	4939	3748	4115	3984	3439	3686	3646	0
4671	4937	3750	4116	3982	3375	3669	3566	0
4666	4928	3749	4113	3954	3895	3743	4141	0
4667	4925	3723	4112	3938	4151	3794	4435	0
4679	4928	3680	4114	3926	3660	3728	3934	0
4672	4943	3737	4118	3989	3329	3696	3543	0
4673	4947	3755	4117	4005	3689	3688	3871	0
4687	4927	3657	4114	3930	4190	3723	4460	0
4598	4978	4066	4104	4242	4507	4137	4781	0
4419	5107	4971	4092	4900	4727	4773	4975	0
4341	5176	5389	4090	5272	4954	5165	5346	0
4373	5152	5229	4092	5286	5192	5314	5572	0
4378	5140	5198	4090	5340	5346	5455	5549	0
4363	5157	5290	4091	5355	5157	5388	5378	0
4370	5155	5256	4091	5174	4813	5057	5167	0
4383	5138	5181	4089	5068	4897	4960	5254	0
4388	5127	5145	4089	5160	5284	5181	5517	0
4373	5129	5215	4088	5262	5220	5284	5413	0
4435	5090	4927	4089	4956	4345	4823	4687	0
4606	4985	4100	4104	4257	3456	4020	3878	0
4708	4913	3584	4116	3812	3527	3616	3792	0
4687	4923	3675	4112	3855	4086	3740	4300	0
4674	4931	3735	4108	3907	3918	3740	4190	0
4690	4914	3646	4110	3816	3289	3494	3475	0
4680	4914	3685	4108	3835	3321	3497	3487	0
4672	4923	3729	4105	3888	3914	3692	4168	0
4676	4929	3721	4108	3906	4105	3790	4396	0
4674	4933	3729	4110	3914	3588	3724	3865	0
4676	4935	3730	4109	3924	3251	3622	3470	0
4676	4934	3734	4109	3941	3700	3654	3894	0
4670	4930	3731	4108	3919	4196	3731	4447	0
4670	4931	3729	4107	3905	3964	3741	4275	0
4672	4934	3734	4106	3920	3356	3683	3665	0
4669	4934	3737	4106	3935	3317	3669	3587	0
4667	4933	3738	4107	3937	4007	3741	4219	0
4670	4936	3741	4108	3941	4397	3768	4597	0
4672	4941	3744	4107	3960	3817	3708	4106	0
4669	4935	3741	4105	3950	3182	3650	3516	0
4665	4930	3737	4103	3931	3497	3714	3776	0
4666	4934	3740	4105	3949	4218	3833	4458	0
4666	4936	3742	4106	3955	4196	3792	4434	0
4664	4934	3742	4102	3946	3488	3648	3722	0
4666	4936	3746	4102	3960	3217	3642	3461	0
4670	4945	3753	4106	3996	3808	3802	4071	0
4666	4947	3755	4107	4008	4300	3898	4571	0
4660	4941	3750	4104	3975	3907	3798	4163	0
4663	4940	3751	4104	3975	3365	3677	3562	0
4664	4943	3757	4105	4000	3530	3691	3713	0
4658	4935	3754	4102	3974	4081	3781	4331	0
4656	4931	3751	4100	3952	4156	3831	4455	0
4657	4937	3753	4100	3968	3578	3772	3881	0
4658	4942	3761	4102	3994	3292	3700	3552	0
4659	4944	3773	4103	4018	3855	3757	4065	0
4658	4947	3780	4104	4025	4401	3842	4646	0
4658	4952	3784	4106	4042	4099	3853	4415	0
4660	4956	3788	4106	4065	3449	3823	3763	0
4658	4957	3789	4105	4065	3483	3823	3757	0
4657	4956	3787	4106	4068	4235	3889	4446	0
4656	4953	3785	4106	4064	4525	3889	4691	0
4652	4950	3784	4102	4041	3797	3776	4058	0
4649	4946	3783	4098	4028	3214	3722	3558	0
4649	4944	3782	4100	4035	3683	3829	3971	0
4646	4946	3786	4097	4045	4376	3940	4612	0
4646	4945	3789	4097	4043	4209	3883	4447	0
4649	4948	3789	4104	4054	3521	3769	3736	0
4653	4954	3791	4106	4081	3386	3780	3594	0
4653	4954	3793	4102	4086	3997	3893	4255	0
4650	4955	3794	4102	4091	4403	3978	4686	0
4646	4953	3793	4102	4084	3910	3915	4173	0
4647	4948	3792	4098	4069	3363	3778	3568	0
4649	4951	3792	4100	4087	3697	3788	3887	0
4647	4952	3793	4101	4095	4354	3914	4609	0
4645	4952	3794	4098	4097	4310	3967	4611	0
4648	4957	3796	4098	4107	3631	3896	3933	0
4651	4963	3801	4099	4127	3413	3844	3693	0
4650	4965	3804	4101	4157	4087	3921	4302	0
4646	4963	3798	4101	4148	4620	3979	4806	0
4647	4967	3797	4100	4149	4175	3945	4442	0
4650	4971	3799	4102	4163	3445	3875	3774	0
4649	4966	3794	4102	4156	3611	3900	3901	0
4648	4967	3792	4101	4177	4459	4040	4657	0
4649	4970	3791	4101	4186	4598	4046	4763	0
4648	4968	3784	4101	4171	3767	3904	4037	0
4646	4965	3773	4100	4153	3275	3841	3629	0
4643	4954	3770	4096	4128	3851	3937	4144	0
4641	4950	3771	4095	4130	4521	4054	4762	0
4643	4963	3776	4096	4156	4240	4018	4489	0
4647	4967	3781	4098	4169	3529	3890	3736	0
4645	4956	3776	4098	4157	3496	3865	3692	0
4644	4960	3776	4097	4170	4203	3996	4464	0
4645	4971	3781	4099	4197	4533	4095	4826	0
4645	4968	3781	4099	4195	3927	4026	4212	0
4646	4969	3784	4100	4200	3423	3921	3664	0
4644	4969	3783	4099	4196	3852	3916	4059	0
4636	4957	3778	4097	4168	4513	3995	4769	0
4638	4962	3784	4099	4181	4380	4045	4695	0
4642	4968	3788	4101	4189	3639	3944	3946	0
4636	4958	3790	4098	4164	3455	3856	3727	0
4635	4957	3809	4100	4170	4183	3950	4387	0
4638	4968	3814	4103	4192	4697	4044	4854	0
4637	4969	3779	4102	4202	4129	3984	4366	0
4632	4950	3815	4100	4136	3331	3819	3660	0
4629	4961	3773	4101	4184	3751	3940	4073	0
4641	5030	3425	4105	4549	4873	4463	5110	0
4657	5064	3213	4108	4775	4909	4669	5112	0
4660	5044	3301	4109	4643	3987	4374	4305	0
4655	5047	3294	4111	4536	3715	4201	4147	0
4654	5053	3260	4112	4574	4527	4386	4926	0
4656	5051	3296	4112	4654	5202	4598	5509	0
4657	5055	3305	4113	4653	4665	4498	4939	0
4657	5060	3308	4116	4600	3725	4279	3988	0
4657	5063	3308	4120	4633	3906	4329	4193	0
4659	5063	3313	4120	4718	4965	4586	5320	0
4659	5065	3319	4118	4720	5214	4650	5590	0
4656	5065	3320	4118	4582	4275	4374	4643	0
4653	5062	3322	4118	4521	3668	4187	4023	0
4653	5062	3325	4121	4665	4316	4443	4574	0
4654	5060	3326	4121	4785	5130	4729	5305	0
4652	5058	3330	4120	4691	4846	4582	5111	0
4652	5060	3333	4124	4523	3996	4247	4388	0
4654	5064	3334	4126	4524	3964	4222	4332	0
4654	5064	3338	4121	4679	4714	4535	4953	0
4652	5058	3345	4120	4770	4982	4732	5162	0
4649	5058	3348	4125	4680	4348	4520	4632	0
4648	5060	3348	4124	4530	3807	4206	4217	0
4649	5058	3349	4121	4525	4266	4288	4649	0
4649	5061	3354	4124	4666	5053	4607	5289	0
4646	5058	3359	4124	4730	4836	4609	5024	0
4644	5051	3357	4121	4634	3873	4326	4179	0
4645	5053	3358	4125	4553	3697	4221	4109	0
4643	5055	3363	4126	4586	4604	4431	4989	0
4637	5048	3364	4122	4638	5167	4596	5504	0
4636	5045	3366	4122	4590	4493	4428	4809	0
4640	5052	3370	4125	4547	3647	4217	3905	0
4644	5057	3373	4128	4638	4020	4344	4250	0
4646	5061	3377	4129	4754	5077	4641	5347	0
4647	5066	3381	4133	4716	5155	4652	5472	0
4648	5069	3383	4134	4556	4184	4346	4542	0
4648	5069	3387	4133	4526	3749	4208	4095	0
4644	5061	3390	4132	4658	4431	4475	4669	0
4638	5053	3392	4132	4748	5057	4723	5224	0
4636	5054	3393	4130	4658	4661	4543	4924	0
4634	5052	3393	4128	4501	3908	4210	4296	0
4642	5059	3396	4133	4528	4054	4255	4417	0
4649	5072	3405	4138	4705	4832	4601	5058	0
4645	5065	3409	4136	4787	4949	4738	5117	0
4640	5062	3410	4135	4692	4243	4506	4514	0
4644	5068	3410	4137	4549	3800	4238	4192	0
4641	5062	3408	4136	4533	4357	4338	4724	0
4635	5053	3409	4134	4648	5107	4613	5340	0
4635	5055	3415	4135	4696	4786	4578	4973	0
4638	5060	3421	4138	4629	3811	4327	4096	0
4640	5060	3424	4138	4580	3736	4273	4116	0
4636	5056	3425	4135	4619	4701	4491	5077	0
4635	5058	3425	4134	4662	5187	4630	5522	0
4639	5064	3430	4138	4597	4426	4439	4740	0
4640	5066	3437	4141	4554	3636	4242	3923	0
4634	5065	3437	4141	4663	4131	4413	4360	0
4632	5061	3438	4138	4761	5136	4683	5327	0
4634	5058	3441	4136	4674	5029	4606	5288	0
4632	5061	3443	4136	4502	4027	4277	4394	0
4631	5065	3443	4137	4490	3756	4181	4105	0
4633	5062	3446	4141	4647	4526	4490	4745	0
4632	5058	3451	4142	4748	5036	4747	5197	0
4632	5057	3453	4139	4657	4532	4546	4798	0
4630	5053	3451	4135	4488	3822	4191	4210	0
4627	5051	3451	4135	4472	4072	4234	4427	0
4628	5055	3457	4139	4629	4886	4581	5098	0
4630	5061	3466	4140	4745	4897	4691	5068	0
4632	5066	3468	4141	4680	4081	4455	4362	0
4633	5064	3468	4142	4543	3724	4243	4113	0
4630	5058	3468	4140	4538	4452	4385	4801	0
4628	5062	3470	4138	4653	5193	4641	5435	0
4628	5062	3474	4139	4658	4715	4542	4930	0
4624	5050	3475	4136	4552	3702	4249	3923	0
4620	5042	3472	4133	4533	3760	4238	4017	0
4620	5045	3475	4135	4620	4796	4513	5131	0
4623	5055	3481	4138	4655	5151	4634	5502	0
4624	5058	3483	4139	4545	4265	4377	4582	0
4623	5055	3488	4140	4482	3581	4167	3893	0
4622	5056	3492	4138	4608	4215	4403	4425	0
4623	5055	3491	4137	4733	5153	4717	5257	0
4626	5057	3495	4140	4668	4922	4614	5153	0
4626	5063	3500	4141	4496	3966	4262	4352	0
4623	5061	3495	4140	4464	3833	4183	4166	0
4623	5056	3496	4138	4613	4621	4503	4825	0
4622	5053	3506	4136	4721	4991	4738	5165	0
4620	5055	3507	4138	4637	4380	4518	4640	0
4621	5056	3502	4142	4479	3754	4174	4124	0
4620	5053	3506	4140	4467	4147	4261	4501	0
4619	5054	3514	4138	4612	4964	4601	5183	0
4619	5057	3516	4141	4709	4833	4632	5008	0
4622	5062	3517	4143	4645	3914	4370	4202	0
4622	5058	3522	4143	4523	3645	4213	4027	0
4618	5051	3520	4139	4518	4489	4389	4827	0
4618	5052	3517	4136	4615	5158	4615	5455	0
4620	5060	3525	4138	4616	4584	4501	4876	0
4620	5063	3531	4141	4548	3665	4253	3882	0
4617	5050	3526	4136	4565	3864	4285	4078	0
4613	5040	3525	4133	4627	4865	4534	5186	0
4613	5046	3531	4136	4607	5057	4591	5408	0
4615	5052	3533	4136	4486	4129	4318	4449	0
4614	5051	3533	4134	4449	3594	4136	3901	0
4612	5050	3536	4137	4585	4302	4406	4520	0
4614	5053	3541	4139	4709	5110	4728	5250	0
4616	5055	3545	4137	4631	4755	4575	4997	0
4612	5045	3544	4134	4440	3844	4187	4206	0
4608	5040	3543	4133	4408	3839	4150	4164	0
4610	5045	3545	4133	4562	4669	4494	4876	0
4611	5043	3548	4135	4664	4929	4684	5094	0
4609	5036	3551	4134	4573	4199	4431	4454	0
4606	5036	3552	4132	4428	3637	4123	4002	0
4607	5041	3551	4134	4440	4179	4258	4523	0
4608	5042	3554	4135	4571	5006	4580	5224	0
4608	5038	3559	4134	4627	4764	4551	4938	0
4610	5041	3560	4135	4564	3779	4281	4052	0
4611	5044	3561	4137	4500	3607	4196	3967	0
4607	5039	3564	4135	4517	4534	4407	4871	0
4604	5033	3564	4132	4555	5081	4563	5390	0
4608	5041	3566	4135	4523	4397	4397	4691	0
4616	5051	3575	4137	4507	3610	4207	3830	0
4609	5040	3575	4135	4563	3977	4312	4189	0
4598	5026	3570	4130	4601	4931	4548	5229	0
4602	5034	3574	4129	4554	4964	4547	5296	0
4607	5038	3580	4131	4431	3992	4248	4316	0
4602	5032	3577	4132	4393	3575	4085	3878	0
4600	5028	3576	4131	4511	4344	4361	4556	0
4604	5031	3584	4132	4618	5015	4652	5166	0
4606	5039	3588	4134	4572	4564	4500	4814	0
4606	5045	3587	4135	4436	3771	4166	4133	0
4606	5041	3587	4133	4405	3934	4179	4257	0
4606	5037	3591	4134	4541	4765	4515	4960	0
4609	5045	3596	4138	4670	4889	4671	5043	0
4609	5052	3597	4138	4604	4096	4428	4354	0
4606	5046	3600	4135	4454	3635	4160	4000	0
4605	5044	3601	4135	4464	4303	4317	4630	0
4605	5043	3601	4134	4573	5076	4596	5290	0
4600	5033	3598	4130	4579	4692	4502	4877	0
4602	5039	3580	4131	4537	3735	4255	3968	0
4606	5047	3552	4133	4524	3688	4234	3973	0
4603	5040	3552	4133	4546	4644	4458	4972	0
4601	5042	3557	4133	4590	5132	4617	5472	0
4611	5046	3527	4134	4509	4319	4391	4614	0
4617	5048	3511	4134	4437	3495	4125	3724	0
4587	5057	3632	4132	4622	4162	4388	4359	0
4596	5028	3565	4130	4663	5093	4642	5299	0
4621	5035	3467	4135	4511	4822	4489	5075	0
4470	5153	4180	4125	4798	4616	4701	4952	0
4337	5211	4783	4108	5226	5103	5152	5461	0
4486	5119	4107	4121	5067	5196	5066	5431	0
4636	5004	3394	4131	4558	4745	4618	4872	0
4596	5020	3565	4122	4442	4296	4405	4519	0
4582	5061	3674	4126	4377	3682	4110	4051	0
4617	5018	3502	4130	4208	3883	4024	4147	0
4608	5031	3545	4131	4562	4912	4682	5132	0
4595	5034	3595	4128	4706	4804	4725	4945	0
4596	5022	3576	4124	4370	3840	4051	3786	0
4603	5052	3588	4130	4220	3556	3874	3646	0
4598	5030	3586	4131	4390	4451	4343	4808	0
4597	5036	3587	4130	4736	5340	4892	5592	0
4604	5046	3593	4128	4582	4708	4524	4803	0
4601	5029	3598	4127	4138	3635	3731	3808	0
4608	5051	3595	4136	4224	3941	3867	4134	0
4605	5039	3604	4133	4610	5129	4670	5301	0
4597	5026	3602	4126	4746	5174	4869	5500	0
4599	5033	3597	4127	4347	4023	4167	4328	0
4596	5024	3605	4126	3948	3508	3747	3552	0
4598	5032	3609	4127	4300	4222	4189	4071	0
4598	5028	3611	4128	4834	4949	4782	4977	0
4597	5031	3610	4128	4710	4643	4680	4917	0
4600	5043	3610	4129	4118	3700	3975	4016	0
4595	5025	3611	4124	4040	3513	3892	3754	0
4593	5025	3612	4125	4607	4443	4571	4555	0
4595	5033	3618	4128	4821	4804	4777	4856	0
4596	5030	3621	4126	4380	3855	4208	4057	0
4596	5030	3618	4125	3988	3290	3783	3627	0
4594	5032	3618	4125	4234	4149	4170	4407	0
4595	5035	3618	4125	4765	5043	4836	5185	0
4596	5032	3623	4124	4675	4579	4707	4648	0
4596	5036	3627	4122	4082	3629	3960	3666	0
4595	5040	3626	4124	3957	3659	3796	3801	0
4596	5035	3627	4125	4484	4704	4465	4997	0
4598	5040	3630	4125	4838	5328	4945	5601	0
4600	5046	3636	4127	4472	4586	4411	4751	0
4602	5049	3637	4130	3955	3697	3679	3810	0
4603	5053	3637	4130	4128	4102	3997	4152	0
4606	5054	3639	4129	4764	5193	4891	5242	0
4606	5057	3638	4132	4838	5114	4878	5364	0
4597	5044	3636	4128	4212	3921	4068	4247	0
4596	5040	3637	4125	3978	3465	3795	3493	0
4606	5052	3645	4129	4364	4231	4230	4024	0
4609	5053	3650	4132	4742	4889	4706	4885	0
4607	5055	3648	4130	4653	4487	4609	4750	0
4607	5056	3648	4130	4147	3666	3991	3977	0
4607	5057	3652	4132	4105	3688	3982	3916	0
4606	5062	3653	4133	4686	4570	4670	4681	0
4604	5050	3656	4132	4841	4697	4759	4743	0
4602	5046	3659	4130	4316	3700	4097	3871	0
4601	5046	3660	4126	3954	3269	3745	3581	0
4597	5036	3660	4125	4262	4252	4244	4487	0
4599	5044	3660	4130	4824	5095	4889	5261	0
4601	5045	3666	4130	4672	4558	4697	4677	0
4600	5036	3668	4124	3969	3701	3974	3707	0
4596	5034	3664	4121	3891	3808	3849	3870	0
4591	5031	3663	4123	4508	4767	4501	5044	0
4592	5031	3666	4124	4843	5250	4918	5551	0
4595	5033	3670	4122	4402	4481	4335	4639	0
4593	5030	3672	4122	3848	3715	3654	3788	0
4592	5027	3674	4125	4066	4180	4016	4217	0
4597	5032	3680	4127	4775	5140	4851	5226	0
4601	5041	3678	4125	4812	4956	4787	5219	0
4594	5036	3675	4124	4137	3820	4027	4112	0
4593	5034	3679	4126	3973	3435	3788	3495	0
4596	5033	3684	4127	4383	4249	4259	4112	0
4594	5028	3687	4125	4680	4814	4677	4821	0
4592	5030	3688	4122	4531	4234	4450	4485	0
4590	5028	3688	4121	4063	3467	3863	3782	0
4586	5017	3688	4122	4029	3728	3938	3908	0
4584	5014	3688	4119	4669	4629	4717	4790	0
4584	5017	3690	4116	4868	4656	4788	4753	0
4588	5027	3694	4122	4255	3728	3974	3657	0
4594	5036	3700	4126	3854	3427	3649	3469	0
4596	5035	3700	4124	4370	4414	4372	4708	0
4602	5061	3693	4129	5017	5273	5076	5475	0
4590	5008	3714	4118	4601	4618	4643	4542	0
4580	4979	3706	4109	3834	3643	3833	3536	0
4610	5090	3686	4136	4104	4126	4103	4125	0
4590	5002	3728	4124	4904	5157	4968	5246	0
4575	4956	3713	4110	4878	5006	4906	5174	0
4610	5069	3693	4137	4071	4108	4030	4232	0
4600	5018	3726	4131	3797	3886	3803	3929	0
4598	5013	3718	4127	4312	4471	4418	4471	0
4602	5029	3713	4130	4704	4774	4766	4827	0
4590	5004	3718	4122	4420	4315	4365	4475	0
4597	5019	3719	4124	3878	3658	3780	3834	0
4596	5009	3723	4125	3883	3615	3741	3670	0
4597	5021	3724	4128	4391	4330	4316	4286	0
4597	5026	3727	4127	4454	4502	4467	4498	0
4593	5002	3729	4121	3896	3683	3812	3740	0
4595	5002	3727	4123	3708	3342	3545	3462	0
4592	5009	3725	4124	4314	4121	4256	4281	0
4590	5005	3731	4122	4840	4692	4806	4825	0
4592	5003	3729	4121	4438	4251	4392	4331	0
4594	5010	3726	4122	3781	3716	3821	3769	0
4596	5013	3737	4126	3929	3949	3964	4045	0
4590	4999	3735	4124	4632	4682	4604	4867	0
4588	5005	3732	4122	4848	4971	4871	5156	0
4592	5009	3739	4122	4340	4433	4383	4518	0
4590	4995	3741	4119	3961	3981	3925	3971	0
4592	5003	3744	4121	4263	4362	4213	4235	0
4591	5012	3743	4123	4830	5010	4840	4913	0
4597	5020	3741	4126	4741	4793	4740	4951	0
4604	5024	3749	4126	4031	4005	3985	4216	0
4595	5016	3750	4122	3793	3890	3754	3834	0
4590	5012	3756	4124	4282	4488	4320	4314	0
4594	5018	3770	4127	4609	4674	4644	4682	0
4594	5015	3773	4123	4273	4092	4223	4263	0
4588	5006	3766	4118	3860	3529	3738	3713	0
4594	5024	3768	4124	4008	3718	3884	3821	0
4590	5007	3776	4122	4532	4362	4462	4435	0
4581	4989	3773	4115	4463	4411	4454	4449	0
4587	5015	3772	4120	3795	3746	3758	3728	0
4592	5018	3782	4124	3693	3558	3594	3630	0
4595	5023	3780	4123	4477	4321	4427	4541	0
4593	5022	3778	4120	4946	4856	4956	5022	0
4589	5013	3787	4117	4439	4374	4431	4396	0
4589	5011	3785	4117	3835	3774	3820	3776	0
4582	4990	3780	4112	4042	4045	4038	4133	0
4581	5001	3790	4111	4702	4872	4744	5087	0
4585	5017	3790	4112	4803	5047	4867	5271	0
4582	5003	3786	4110	4207	4341	4228	4449	0
4581	4994	3794	4108	3824	3871	3814	3926	0
4579	4987	3794	4104	4244	4336	4249	4342	0
4577	4993	3786	4105	4813	4926	4814	4934	0
4582	4986	3763	4105	4533	4489	4517	4666	0
4582	4970	3747	4097	3922	3628	3818	3854	0
4558	4997	3853	4097	3896	3664	3697	3673	0
4556	4991	3877	4097	4281	4349	4189	4214	0
4554	4974	3831	4093	4557	4599	4597	4656	0
4434	5055	4358	4083	4582	4414	4580	4646	0
4260	5177	5180	4069	4631	4538	4625	4714	0
4180	5245	5532	4065	4941	4957	5022	5062	0
4222	5212	5338	4068	5205	5033	5232	5262	0
4369	5107	4673	4079	4658	4485	4602	4691	0
4528	5002	3973	4093	3764	3744	3737	3742	0
4564	4982	3824	4099	3790	3686	3735	3746	0
4545	5025	3927	4103	4528	4498	4525	4774	0
4567	5021	3876	4104	4875	5049	4987	5239	0
4542	5049	4016	4101	4590	4569	4631	4585	0
4496	5086	4227	4102	4040	3803	3975	3797	0
4496	5062	4223	4103	3988	4068	4058	4119	0
4416	5153	4606	4102	4978	5413	5245	5518	0
4221	5290	5493	4088	5673	6098	5884	6227	0
4088	5371	6128	4078	5298	5293	5305	5465	0
4154	5373	5907	4091	4924	4271	4773	4538	0
4344	5212	4987	4099	5053	4283	4957	4534	0
4516	5075	4178	4107	5098	4829	5130	4985	0
4563	5060	4021	4112	4646	4648	4661	4845	0
4537	5058	4122	4107	4167	3825	4082	4132	0
4550	5049	4037	4107	4139	3536	4021	3792	0
4558	5043	4010	4111	4567	4321	4531	4417	0
4543	5054	4091	4111	4724	4652	4718	4680	0
4543	5056	4102	4108	4340	3867	4253	4033	0
4541	5055	4109	4108	4102	3473	3930	3767	0
4546	5070	4112	4114	4338	4296	4344	4538	0
4547	5067	4106	4114	4883	4998	5007	5164	0
4544	5061	4108	4112	4812	4523	4733	4575	0
4547	5064	4109	4112	4063	3709	3867	3657	0
4542	5046	4106	4108	3930	3773	3831	3857	0
4540	5041	4091	4107	4587	4768	4654	5051	0
4551	5057	4080	4110	4933	5371	5049	5582	0
4558	5062	4075	4112	4469	4644	4431	4719	0
4554	5052	4075	4110	3903	3771	3779	3823	0
4551	5043	4075	4108	4015	4164	4119	4117	0
4561	5055	4073	4113	4677	5206	4934	5161	0
4560	5058	4071	4116	4843	5095	4903	5338	0
4550	5045	4077	4112	4266	3960	4168	4279	0
4556	5048	4073	4111	4001	3546	3874	3535	0
4558	5049	4071	4116	4367	4287	4253	4075	0
4544	5055	4123	4115	4822	4908	4780	4917	0
4542	5062	4138	4111	4702	4463	4664	4713	0
4560	5042	4041	4111	4102	3601	3995	3900	0
4578	5035	3967	4115	4056	3594	3957	3823	0
4578	5042	3983	4117	4678	4526	4673	4636	0
4574	5038	3987	4118	4823	4677	4780	4725	0
4578	5034	3964	4120	4247	3621	4083	3782	0
4580	5036	3969	4119	3950	3251	3782	3534	0
4580	5039	3977	4120	4310	4310	4315	4545	0
4578	5038	3974	4122	4826	5093	4915	5267	0
4579	5040	3975	4122	4640	4549	4667	4612	0
4581	5044	3981	4121	3932	3747	3914	3671	0
4577	5033	3977	4120	3882	3847	3845	3886	0
4575	5031	3975	4120	4557	4794	4582	5080	0
4571	5041	3998	4117	4872	5254	4963	5536	0
4564	5034	4024	4113	4376	4437	4330	4576	0
4564	5030	4028	4116	3867	3695	3696	3776	0
4566	5035	4023	4117	4086	4211	4038	4249	0
4567	5041	4025	4120	4740	5150	4838	5200	0
4570	5047	4028	4124	4797	4930	4821	5165	0
4559	5054	4080	4120	4199	3858	4118	4163	0
4542	5073	4176	4120	4105	3540	3966	3615	0
4568	5057	4069	4128	4405	4225	4305	4040	0
4568	5045	4058	4124	4860	4929	4856	4873	0
4528	5081	4242	4116	4633	4219	4529	4504	0
4740	4932	3285	4136	3468	2944	3302	3184	0
5163	4604	1353	4174	3004	2849	2920	2830	0
5334	4473	545	4193	3064	3131	2969	3264	0
5268	4531	832	4190	2845	3153	2700	3444	0
5253	4541	902	4185	2698	2994	2605	3152	0
5235	4548	967	4184	2769	2462	2636	2506	0
5181	4608	1216	4186	3009	2383	2694	2421	0
5175	4628	1252	4187	3234	3153	2944	3238	0
5170	4617	1250	4181	3336	3692	3249	3826	0
5155	4618	1295	4177	3225	3374	3193	3485	0
5152	4615	1294	4178	3203	2968	3096	3055	0
5143	4620	1304	4180	3235	2872	3012	3026	0
5138	4632	1317	4178	3293	3056	2995	3221	0
5140	4637	1334	4177	3188	3054	2981	3148	0
5137	4649	1357	4180	3176	2919	3110	3036	0
5128	4655	1381	4182	3519	3395	3458	3576	0
5118	4656	1398	4179	3691	3895	3582	4050	0
5114	4667	1414	4176	3395	3362	3271	3484	0
5110	4669	1435	4177	2914	2441	2756	2556	0
5102	4668	1452	4180	2965	2607	2713	2678	0
5092	4673	1467	4178	3641	3900	3428	3947	0
5087	4684	1489	4178	3975	4603	3982	4754	0
5085	4695	1516	4182	3503	3765	3501	3922	0
5081	4697	1528	4183	2936	2391	2626	2440	0
5081	4711	1532	4185	3065	2501	2657	2548	0
5078	4726	1550	4188	3710	3977	3564	4077	0
5069	4720	1575	4185	4045	4647	4048	4743	0
5062	4709	1589	4180	3604	3855	3557	3903	0
5054	4707	1600	4179	3108	2783	2941	2862	0
5047	4723	1617	4182	3341	2824	3099	3030	0
5047	4741	1636	4185	3855	3747	3638	3988	0
5041	4738	1657	4181	3822	4045	3704	4186	0
5024	4723	1677	4177	3447	3549	3424	3586	0
5017	4720	1688	4176	3462	3434	3421	3516	0
5020	4744	1698	4178	3776	3712	3604	3930	0
5020	4769	1721	4184	3865	3637	3603	3915	0
5014	4771	1745	4186	3469	3247	3279	3395	0
5010	4771	1763	4182	3239	3266	3188	3247	0
5001	4774	1780	4181	3860	4130	3795	4204	0
4992	4780	1807	4183	4257	4692	4164	4904	0
4989	4787	1828	4178	3788	3844	3687	3997	0
4983	4789	1837	4176	3203	2636	2929	2724	0
4980	4797	1852	4181	3283	2895	2922	2967	0
4977	4804	1877	4181	3984	4153	3913	4212	0
4970	4807	1902	4179	4503	4611	4625	4657	0
4961	4809	1918	4177	4076	3753	3931	3777	0
4952	4805	1934	4173	3292	2614	2900	2681	0
4949	4821	1958	4176	3464	2921	3187	3138	0
4950	4839	1980	4180	4250	4312	4131	4479	0
4947	4834	1988	4176	4372	4760	4337	4647	0
4943	4827	1991	4173	3755	3862	3755	3678	0
4940	4827	1991	4174	3367	3168	3280	3217	0
4937	4836	1993	4174	3833	3654	3615	3914	0
4933	4839	2007	4173	4290	4387	4109	4635	0
4931	4830	2003	4171	3957	4185	3869	4311	0
4927	4837	2023	4168	3496	3576	3434	3625	0
4894	4866	2175	4168	3860	3963	3806	4046	0
4845	4908	2400	4167	4499	4870	4427	5095	0
4808	4935	2557	4162	4522	4732	4415	5022	0
4771	4952	2710	4155	4086	3813	3893	4000	0
4724	4989	2917	4151	3885	3547	3609	3599	0
4691	5015	3073	4150	4261	4310	4089	4267	0
4674	5024	3154	4146	4818	4974	4755	5010	0
4663	5029	3199	4143	4766	4645	4651	4853	0
4657	5027	3212	4142	4208	3817	4004	4105	0
4656	5035	3225	4145	4191	3739	3988	3975	0
4652	5037	3241	4146	4772	4568	4681	4665	0
4647	5035	3262	4142	4877	4763	4821	4808	0
4650	5050	3284	4143	4411	3895	4217	4075	0
4654	5057	3284	4146	4172	3606	3897	3904	0
4653	5049	3273	4147	4500	4550	4422	4763	0
4650	5044	3277	4144	5103	5242	5102	5376	0
4651	5047	3284	4140	4888	4549	4744	4699	0
4654	5047	3269	4141	3987	3585	3795	3706	0
4656	5033	3235	4143	3952	3823	3783	3952	0
4662	5029	3209	4145	4784	5061	4706	5288	0
4671	5039	3208	4147	5107	5588	5109	5778	0
4676	5037	3193	4147	4491	4644	4375	4716	0
4680	5026	3151	4146	3854	3728	3685	3798	0
4687	5017	3126	4145	3968	4133	4132	4169	0
4693	5023	3129	4147	4721	5200	5011	5203	0
4695	5033	3130	4148	4952	5178	4899	5375	0
4691	5021	3115	4145	4242	3977	4002	4275	0
4690	5010	3098	4144	3876	3424	3691	3458	0
4693	5007	3083	4146	4365	4204	4208	4027	0
4702	5005	3060	4144	4856	4898	4708	4884	0
4713	5009	3036	4145	4586	4342	4443	4565	0
4715	5000	3009	4146	3934	3382	3726	3680	0
4729	4983	2932	4146	3963	3498	3740	3700	0
4732	4989	2935	4146	4701	4592	4633	4677	0
4713	5007	3029	4146	4863	4727	4817	4807	0
4743	4975	2873	4144	3920	3379	3668	3383	0
4691	5001	3077	4138	3873	3665	3635	3553	0
4426	5194	4288	4121	5566	5884	5554	5936	0
4198	5349	5330	4105	6108	6381	6136	6555	0
4195	5355	5357	4108	5391	5255	5293	5365	0
4232	5358	5231	4117	5358	4769	5212	4982	0
4214	5373	5355	4116	5556	4950	5464	5270	0
4222	5352	5325	4112	5806	5662	5771	5784	0
4237	5336	5238	4113	6055	6254	6070	6225	0
4236	5328	5241	4111	5728	5534	5714	5714	0
4631	5318	5224	4109	5236	4444	5136	4809	0
4241	5316	5219	4109	5260	4451	5120	4719	0
4240	5307	5212	4111	5555	5391	5469	5466	0
4244	5303	5205	4112	5638	6042	5660	6075	0
4247	5302	5206	4109	5480	5586	5521	5724	0
4251	5299	5200	4111	5282	4855	5218	5076	0
4256	5298	5190	4113	5386	4914	5247	5115	0
4258	5293	5183	4112	5391	5237	5298	5419	0
4262	5294	5181	4112	5262	5267	5218	5416	0
4266	5293	5175	4114	5312	5202	5239	5358	0
4268	5285	5164	4115	5444	5296	5383	5501	0
4271	5284	5159	4115	5478	5501	5477	5668	0
4272	5281	5154	4113	5258	5287	5215	5397	0
4276	5275	5146	4116	5009	4509	4822	4694	0
4285	5276	5144	4121	5032	4465	4881	4725	0
4287	5275	5143	4118	5406	5583	5474	5759	0
4289	5273	5136	4119	5753	6187	5852	6262	0
4293	5269	5130	4121	5488	5205	5420	5318	0
4296	5266	5128	4118	4885	3946	4705	4168	0
4295	5259	5124	4117	4837	4062	4683	4307	0
4295	5251	5112	4120	5443	5403	5425	5496	0
4301	5256	5107	4120	5736	6192	5869	6231	0
4306	5258	5112	4119	5312	5270	5389	5449	0
4304	5248	5110	4119	4832	4009	4691	4283	0
4302	5240	5099	4120	4935	4183	4734	4335	0
4308	5244	5096	4120	5301	5213	5251	5229	0
4314	5253	5098	4119	5373	5686	5448	5817	0
4311	5242	5095	4118	5091	5166	5127	5464	0
4310	5228	5089	4117	4883	4580	4841	4842	0
4314	5230	5088	4118	5075	4755	5031	4864	0
4314	5228	5086	4115	5105	4920	5068	5049	0
4314	5224	5082	4114	4889	4674	4831	4905	0
4317	5226	5081	4118	4891	4748	4868	4902	0
4323	5226	5077	4121	5189	5241	5247	5270	0
4324	5218	5068	4117	5401	5451	5438	5609	0
4319	5207	5060	4114	5030	4844	4976	5228	0
4325	5210	5060	4118	4581	3936	4434	4224	0
4333	5215	5058	4119	4750	4050	4550	4136	0
4329	5203	5048	4114	5265	5329	5233	5450	0
4326	5189	5041	4112	5515	6029	5714	6208	0
4326	5185	5038	4110	5171	5012	5248	5144	0
4325	5181	5032	4108	4538	3725	4311	3794	0
4328	5176	5025	4110	4497	3881	4280	3923	0
4336	5182	5021	4116	5197	5271	5233	5308	0
4340	5183	5014	4114	5476	5950	5610	6087	0
4338	5170	5001	4108	4916	4920	4947	5167	0
4345	5171	4997	4111	4467	3764	4352	3992	0
4351	5178	5004	4116	4694	4093	4584	4215	0
4349	5177	5009	4115	5115	5067	5119	5106	0
4352	5185	5009	4118	5127	5204	5168	5358	0
4359	5187	5010	4122	4780	4616	4777	4921	0
4361	5183	5006	4119	4677	4379	4669	4642	0
4360	5177	4987	4115	5029	4831	5025	4930	0
4364	5164	4962	4116	5026	4845	4974	4894	0
4370	5162	4953	4117	4631	4198	4549	4380	0
4372	5163	4956	4115	4526	4154	4502	4469	0
4373	5157	4949	4114	4938	4971	4989	5206	0
4374	5154	4941	4114	5349	5447	5402	5577	0
4373	5153	4942	4116	4958	4724	4931	4891	0
4377	5155	4940	4118	4285	3707	4130	3758	0
4382	5154	4932	4119	4416	3871	4224	3774	0
4381	5149	4926	4118	5091	5256	5103	5255	0
4381	5143	4919	4115	5329	5913	5531	6124	0
4382	5140	4916	4114	4890	4845	4959	5028	0
4389	5149	4916	4120	4330	3761	4145	3684	0
4392	5149	4912	4123	4374	4050	4132	3838	0
4391	5141	4902	4121	5065	5200	5013	5168	0
4393	5138	4892	4118	5269	5554	5379	5778	0
4393	5131	4890	4116	4646	4535	4682	4810	0
4392	5126	4889	4118	4282	3624	4183	3826	0
4397	5129	4883	4121	4605	4117	4569	4230	0
4403	5131	4875	4121	4956	4932	5007	4972	0
4402	5129	4871	4121	4832	4695	4824	4862	0
4404	5128	4871	4122	4462	4102	4433	4411	0
4410	5130	4869	4122	4529	4204	4526	4454	0
4406	5123	4861	4122	4993	4890	5015	5006	0
4402	5116	4852	4122	4889	4752	4888	4862	0
4412	5122	4855	4122	4362	3774	4292	3986	0
4416	5121	4857	4121	4319	3705	4232	4000	0
4410	5108	4844	4120	4750	4862	4826	5106	0
4411	5104	4831	4120	5204	5491	5369	5624	0
4412	5100	4827	4115	4922	4608	4900	4731	0
4413	5095	4822	4114	4109	3617	3896	3713	0
4417	5096	4816	4118	4049	4038	3853	3954	0
4423	5103	4811	4123	4857	5407	4866	5341	0
4425	5106	4805	4121	5208	5769	5377	5973	0
4424	5095	4805	4118	4636	4606	4689	4831	0
4424	5095	4806	4120	4078	3736	3916	3698	0
4429	5102	4800	4121	4221	4186	4115	4017	0
4432	5100	4792	4121	4894	5143	4987	5128	0
4433	5098	4791	4123	5062	5165	5140	5372	0
4434	5097	4793	4121	4437	4131	4410	4432	0
4435	5095	4790	4118	4164	3559	4104	3756	0
4432	5089	4780	4118	4626	4202	4589	4325	0
4433	5087	4775	4120	4938	4803	4912	4929	0
4437	5089	4775	4118	4628	4308	4589	4494	0
4437	5082	4774	4115	4213	3694	4172	3989	0
4438	5078	4766	4115	4388	4090	4366	4319	0
4440	5081	4757	4118	4986	4925	5016	5070	0
4443	5078	4751	4121	4867	4669	4869	4746	0
4450	5083	4753	4124	4163	3645	4056	3606	0
4452	5085	4753	4122	4102	3617	3988	3663	0
4448	5074	4745	4119	4675	4759	4754	5060	0
4448	5065	4735	4118	5102	5460	5272	5658	0
4449	5062	4734	4118	4707	4750	4737	4669	0
4448	5063	4735	4119	3905	3757	3863	3734	0
4449	5060	4731	4118	3932	4063	4002	4137	0
4451	5054	4724	4120	4778	5324	4951	5372	0
4452	5058	4722	4122	5051	5473	5172	5689	0
4454	5063	4725	4121	4420	4253	4404	4528	0
4457	5065	4727	4121	3975	3649	3883	3670	0
4461	5065	4721	4124	4264	4314	4158	4184	0
4462	5065	4712	4126	4875	5062	4846	5121	0
4464	5067	4712	4125	4884	4794	4905	5028	0
4466	5065	4714	4125	4233	3821	4214	4097	0
4467	5064	4713	4127	4107	3538	4048	3770	0
4465	5061	4707	4128	4671	4365	4651	4469	0
4464	5053	4702	4126	4869	4746	4853	4792	0
4468	5055	4701	4124	4422	3923	4346	4105	0
4472	5060	4701	4125	4082	3431	4001	3739	0
4473	5062	4699	4127	4347	4213	4375	4447	0
4472	5057	4692	4127	4990	5016	5090	5171	0
4469	5048	4686	4125	4865	4611	4830	4663	0
4470	5051	4687	4124	4012	3720	3822	3661	0
4470	5049	4689	4125	3885	3692	3765	3779	0
4465	5032	4678	4121	4605	4698	4707	4987	0
4466	5030	4670	4118	5016	5400	5151	5587	0
4473	5049	4674	4123	4522	4698	4510	4745	0
4480	5060	4677	4128	3837	3728	3827	3787	0
4480	5052	4671	4128	3951	4176	4104	4070	0
4482	5049	4666	4129	4764	5375	4951	5211	0
4484	5051	4663	4129	4957	5220	5044	5430	0
4478	5041	4662	4123	4243	3931	4222	4272	0
4475	5035	4659	4121	3914	3509	3792	3488	0
4480	5037	4653	4126	4307	4330	4244	4129	0
4481	5033	4647	4124	4771	4940	4844	4985	0
4476	5027	4645	4120	4631	4409	4646	4643	0
4475	5026	4647	4119	4041	3479	3966	3754	0
4481	5033	4646	4122	4066	3512	3993	3742	0
4486	5037	4641	4125	4710	4538	4722	4642	0
4486	5037	4636	4126	4803	4734	4826	4769	0
4489	5043	4638	4125	4221	3624	4145	3783	0
4493	5041	4639	4123	3946	3166	3817	3463	0
4491	5030	4628	4123	4325	4245	4357	4462	0
4489	5029	4617	4123	4913	5108	5035	5267	0
4494	5035	4618	4124	4725	4544	4792	4668	0
4499	5036	4622	4125	3900	3666	3951	3663	0
4497	5031	4616	4123	3846	3783	3858	3826	0
4500	5034	4609	4123	4640	4831	4690	5099	0
4505	5043	4609	4126	4988	5356	5102	5638	0
4502	5034	4610	4124	4372	4487	4369	4617	0
4501	5028	4608	4122	3753	3646	3667	3719	0
4504	5030	4602	4123	3982	4173	4013	4212	0
4506	5029	4589	4123	4711	5172	4852	5223	0
4507	5026	4575	4122	4796	4909	4855	5138	0
4504	5016	4572	4119	4100	3722	4051	3995	0
4504	5013	4572	4117	3857	3397	3759	3437	0
4506	5013	4564	4118	4369	4271	4296	4124	0
4507	5003	4553	4116	4782	4826	4747	4827	0
4508	5006	4550	4115	4498	4157	4445	4391	0
4512	5013	4547	4117	3905	3269	3839	3563	0
4515	5008	4537	4116	4003	3557	3943	3731	0
4514	5000	4526	4114	4716	4561	4727	4713	0
4510	4997	4521	4112	4776	4591	4771	4708	0
4516	5006	4524	4114	4042	3609	3906	3603	0
4523	5010	4527	4117	3729	3238	3593	3309	0
4520	5002	4519	4114	4306	4157	4328	4435	0
4514	4996	4511	4112	4818	5062	4920	5273	0
4513	4992	4510	4113	4490	4704	4550	4636	0
4514	4988	4512	4112	3869	3788	3882	3664	0
4513	4990	4511	4110	3903	3820	3904	3896	0
4516	4998	4504	4114	4532	4798	4611	5073	0
4521	5002	4498	4116	4810	5112	4911	5391	0
4517	4995	4497	4110	4232	4181	4178	4338	0
4517	4993	4497	4108	3655	3530	3560	3611	0
4524	4997	4493	4111	3984	4215	4061	4181	0
4524	4997	4486	4112	4713	5070	4865	5054	0
4520	4995	4485	4111	4640	4621	4672	4846	0
4521	4991	4490	4109	3940	3464	3860	3751	0
4521	4988	4486	4109	3822	3256	3696	3322	0
4520	4987	4475	4109	4400	4268	4368	4196	0
4522	4987	4477	4110	4689	4787	4762	4817	0
4523	4991	4483	4108	4289	3880	4249	4054	0
4520	4983	4478	4106	3779	2992	3609	3255	0
4519	4978	4471	4107	3975	3630	3953	3833	0
4525	4990	4473	4111	4734	4705	4810	4846	0
4530	4995	4476	4111	4821	4573	4709	4613	0
4528	4993	4479	4108	4033	3661	3801	3600	0
4524	4988	4483	4107	3693	3421	3571	3489	0
4524	4989	4482	4110	4346	4306	4372	4572	0
4527	5000	4481	4114	4869	5165	4938	5365	0
4523	4995	4484	4109	4406	4705	4448	4749	0
4518	4979	4487	4102	3738	3718	3749	3754	0
4523	4981	4486	4106	3920	3928	3950	4034	0
4526	4993	4481	4110	4644	5006	4731	5229	0
4531	5000	4481	4109	4769	5027	4837	5302	0
4530	4995	4483	4108	4108	3931	4057	4102	0
4524	4987	4480	4107	3698	3509	3555	3564	0
4525	4986	4476	4109	4065	4358	4026	4285	0
4527	4986	4477	4107	4654	5018	4747	4996	0
4523	4986	4483	4104	4545	4388	4568	4597	0
4523	4986	4492	4104	3894	3288	3787	3575	0
4527	4990	4496	4107	3838	3231	3734	3403	0
4526	4990	4499	4108	4527	4278	4498	4352	0
4519	4989	4513	4109	4780	4667	4747	4729	0
4516	4999	4540	4109	4227	3701	4116	3839	0
4521	5011	4566	4109	3829	3100	3687	3372	0
4522	5016	4575	4112	4205	4022	4217	4255	0
4515	5014	4571	4113	4854	4957	4940	5109	0
4510	5011	4577	4110	4735	4554	4723	4599	0
4515	5016	4592	4111	3968	3681	3929	3608	0
4515	5014	4596	4113	3806	3647	3792	3704	0
4505	5010	4597	4108	4486	4608	4511	4873	0
4502	5009	4600	4104	4926	5296	4997	5510	0
4503	5005	4609	4105	4381	4619	4406	4682	0
4502	5006	4618	4106	3688	3699	3645	3722	0
4498	5006	4615	4106	3996	4165	4043	4099	0
4495	5006	4615	4109	4841	5279	4969	5231	0
4501	5016	4622	4111	4826	5033	4881	5258	0
4505	5015	4625	4107	4069	3793	4031	4072	0
4501	5004	4621	4102	3847	3496	3702	3475	0
4498	5005	4616	4105	4253	4363	4191	4186	0
4503	5011	4618	4110	4687	4901	4757	4944	0
4506	5013	4621	4111	4567	4300	4556	4546	0
4503	5008	4625	4108	3961	3369	3849	3646	0
4503	5010	4628	4108	3977	3478	3895	3669	0
4506	5014	4624	4111	4685	4487	4683	4627	0
4498	5002	4618	4108	4783	4672	4761	4732	0
4493	4997	4622	4106	4103	3683	3990	3649	0
4500	5007	4625	4109	3797	3233	3662	3331	0
4508	5016	4614	4112	4311	4184	4321	4456	0
4508	5015	4600	4112	4867	5069	4969	5249	0
4511	5009	4592	4112	4626	4632	4695	4605	0
4518	5014	4589	4114	3954	3744	3980	3704	0
4516	5003	4577	4110	3854	3715	3823	3813	0
4512	4991	4555	4108	4440	4641	4479	4888	0
4518	4998	4541	4112	4848	5196	4932	5464	0
4525	5003	4537	4114	4325	4442	4289	4585	0
4525	5004	4534	4114	3626	3608	3594	3688	0
4523	5003	4533	4115	3941	4169	4109	4183	0
4523	5002	4536	4116	4773	5190	4983	5208	0
4523	4995	4530	4112	4708	4806	4735	5025	0
4525	4986	4515	4112	3949	3572	3860	3848	0
4533	4996	4508	4118	3785	3368	3688	3386	0
4541	5002	4490	4121	4333	4306	4253	4155	0
4546	4988	4452	4120	4715	4792	4653	4806	0
4548	4983	4440	4119	4400	4044	4320	4262	0
4544	4987	4463	4118	3794	3135	3693	3415	0
4541	4991	4481	4117	3941	3494	3848	3679	0
4537	4993	4487	4118	4693	4563	4706	4705	0
4532	4991	4507	4119	4750	4583	4755	4685	0
4530	5000	4536	4119	4012	3586	3861	3603	0
4529	5008	4557	4120	3715	3269	3553	3370	0
4527	5010	4560	4121	4337	4254	4348	4501	0
4530	5015	4557	4123	4880	5139	4974	5342	0
4532	5016	4565	4122	4530	4711	4583	4708	0
4527	5013	4573	4122	3878	3788	3889	3693	0
4526	5010	4570	4123	3932	3881	3932	3924	0
4528	5012	4566	4121	4594	4906	4661	5174	0
4532	5020	4568	4122	4853	5214	4943	5500	0
4535	5020	4571	4124	4272	4254	4221	4398	0
4533	5014	4569	4123	3721	3557	3596	3650	0
4531	5012	4564	4122	3995	4188	3996	4192	0
4529	5011	4559	4121	4692	5038	4797	5054	0
4529	5009	4557	4120	4664	4665	4701	4883	0
4529	5007	4561	4117	3974	3535	3897	3797	0
4530	5006	4559	4116	3843	3241	3709	3362	0
4531	5003	4549	4118	4437	4210	4409	4229	0
4530	5000	4545	4118	4721	4772	4784	4816	0
4532	5005	4547	4117	4307	3917	4244	4064	0
4534	5010	4550	4118	3843	3123	3673	3391	0
4534	5008	4551	4121	4061	3807	4053	4018	0
4539	5013	4547	4125	4812	4789	4873	4926	0
4541	5016	4548	4124	4805	4546	4714	4591	0
4537	5014	4556	4120	3906	3657	3776	3592	0
4532	5008	4566	4117	3662	3507	3600	3573	0
4525	5012	4587	4117	4431	4431	4450	4697	0
4526	5028	4607	4121	4902	5236	4977	5431	0
4527	5025	4605	4118	4400	4711	4446	4752	0
4526	5016	4592	4115	3772	3729	3767	3767	0
4529	5017	4591	4120	3972	3995	4004	4098	0
4529	5018	4593	4121	4657	5087	4758	5303	0
4529	5020	4610	4118	4804	5106	4886	5389	0
4530	5021	4631	4116	4166	3963	4110	4139	0
4552	5006	4518	4120	3638	3458	3497	3489	0
4600	4976	4266	4127	4016	4383	4067	4332	0
4641	4934	4026	4127	4551	4971	4714	4923	0
4685	4895	3872	4127	4022	3889	3986	3953	0
4721	4890	3670	4133	3280	2657	3066	2803	0
4722	4885	3605	4134	3474	2942	3309	3006	0
4711	4821	4011	4129	3695	3933	3704	3933	0
4709	4768	4315	4126	3670	4494	3838	4559	0
4704	4762	4321	4124	3443	3793	3533	3881	0
4694	4748	4384	4119	2948	2424	2804	2476	0
4695	4749	4367	4118	3111	2438	2895	2474	0
4701	4764	4354	4124	3588	3633	3536	3698	0
4696	4763	4362	4122	3556	4156	3647	4182	0
4692	4757	4335	4118	3263	3611	3303	3594	0
4699	4762	4361	4125	3181	3007	3121	3033	0
4696	4771	4357	4125	3416	3075	3317	3175	0
4691	4773	4350	4121	3613	3411	3525	3533	0
4695	4771	4359	4120	3456	3452	3406	3498	0
4695	4774	4347	4119	3263	3365	3241	3307	0
4695	4783	4336	4123	3504	3646	3510	3654	0
4694	4784	4327	4124	3742	3818	3739	3921	0
4693	4791	4296	4122	3593	3429	3498	3469	0
4697	4797	4276	4121	3212	2874	3026	2874	0
4698	4801	4281	4122	3179	2987	3065	3073	0
4696	4802	4266	4123	3721	3953	3726	4032	0
4693	4796	4270	4121	3943	4573	4041	4614	0
4689	4804	4251	4119	3461	3737	3537	3853	0
4683	4800	4212	4116	3088	2416	2928	2512	0
4684	4797	4200	4116	3322	2614	3049	2632	0
4689	4821	4122	4120	3705	4062	3701	4105	0
4687	4825	4091	4121	3817	4729	4036	4811	0
4685	4823	4077	4115	3573	3901	3598	3958	0
4683	4835	4013	4109	3271	2773	3054	2857	0
4678	4832	4051	4111	3441	2982	3288	3151	0
4681	4852	3958	4116	3973	4147	3976	4357	0
4687	4887	3777	4116	4046	4443	4063	4552	0
4686	4897	3718	4113	3621	3735	3570	3703	0
4681	4903	3675	4112	3526	3475	3461	3528	0
4682	4902	3688	4113	3954	4041	3949	4309	0
4680	4902	3699	4111	4226	4368	4216	4683	0
4676	4902	3684	4109	3842	3869	3751	4027	0
4681	4906	3704	4112	3448	3444	3389	3450	0
4683	4910	3707	4116	3814	4091	3873	4136	0
4680	4907	3709	4114	4269	4765	4317	5012	0
4679	4914	3709	4112	4142	4181	4106	4492	0
4681	4918	3709	4114	3655	3128	3477	3290	0
4681	4916	3715	4115	3466	3220	3246	3274	0
4676	4909	3714	4112	4015	4360	3992	4393	0
4673	4907	3714	4111	4440	4718	4645	4807	0
4674	4912	3718	4114	3994	3680	4107	3864	0
4674	4912	3717	4110	3438	2665	3265	2902	0
4673	4917	3714	4110	3633	3168	3468	3400	0
4672	4918	3721	4116	4243	4345	4254	4496	0
4674	4920	3727	4114	4398	4546	4522	4594	0
4679	4930	3725	4113	3899	3702	3985	3744	0
4676	4925	3727	4113	3442	3072	3349	3229	0
4670	4916	3728	4111	3853	3685	3704	3913	0
4670	4921	3726	4112	4340	4633	4343	4884	0
4667	4916	3726	4112	4090	4534	4150	4671	0
4662	4903	3727	4107	3680	3762	3569	3731	0
4656	4894	3727	4105	3673	3618	3536	3662	0
4655	4902	3725	4108	4020	4238	4058	4522	0
4661	4916	3729	4111	4290	4492	4281	4785	0
4667	4925	3735	4113	3955	3841	3775	3973	0
4668	4928	3737	4117	3460	3355	3353	3443	0
4664	4920	3738	4116	3788	4193	3913	4241	0
4663	4920	3740	4115	4402	5022	4490	5073	0
4664	4929	3741	4117	4237	4261	4163	4492	0
4664	4930	3742	4118	3673	3054	3483	3328	0
4669	4939	3746	4122	3603	3195	3406	3221	0
4669	4941	3749	4124	4215	4349	4207	4206	0
4664	4931	3750	4120	4556	4669	4707	4685	0
4662	4932	3751	4120	4081	3671	4055	3869	0
4660	4930	3748	4121	3511	2775	3291	3021	0
4659	4928	3747	4121	3767	3411	3627	3635	0
4663	4932	3751	4123	4372	4556	4377	4721	0
4663	4934	3753	4126	4412	4604	4476	4657	0
4657	4931	3753	4123	3892	3725	3890	3751	0
4653	4926	3756	4120	3544	3256	3397	3388	0
4657	4934	3757	4127	3994	3974	3894	4220	0
4661	4945	3758	4130	4477	4808	4476	5066	0
4657	4943	3761	4127	4132	4451	4107	4600	0
4657	4940	3763	4128	3623	3652	3571	3684	0
4658	4940	3766	4131	3780	3858	3780	3943	0
4654	4942	3768	4132	4286	4672	4284	4932	0
4653	4941	3764	4133	4383	4593	4357	4886	0
4657	4943	3764	4134	3931	3670	3810	3834	0
4658	4945	3770	4133	3575	3360	3305	3411	0
4650	4936	3771	4132	3999	4224	3907	4246	0
4651	4935	3770	4134	4550	4865	4672	4977	0
4656	4948	3773	4136	4291	4184	4261	4431	0
4651	4947	3771	4134	3694	3073	3432	3353	0
4646	4938	3769	4133	3677	3120	3502	3295	0
4648	4943	3777	4136	4306	4261	4352	4394	0
4649	4946	3781	4136	4603	4672	4649	4755	0
4648	4946	3776	4135	4092	3713	3974	3709	0
4651	4955	3777	4138	3606	2981	3383	3105	0
4651	4962	3781	4140	3942	3740	3866	4036	0
4648	4956	3782	4137	4470	4768	4470	4953	0
4643	4946	3782	4134	4352	4643	4352	4618	0
4641	4943	3784	4133	3802	3768	3841	3764	0
4638	4940	3784	4136	3608	3462	3557	3603	0
4638	4942	3784	4139	4089	4224	4039	4465	0
4645	4953	3789	4140	4533	4871	4513	5142	0
4647	4958	3793	4140	4177	4308	4076	4463	0
4637	4947	3788	4138	3575	3520	3505	3554	0
4631	4933	3786	4137	3744	4007	3845	4083	0
4636	4943	3792	4140	4398	4946	4460	5195	0
4633	4946	3789	4139	4442	4589	4357	4896	0
4627	4936	3786	4135	3854	3451	3721	3648	0
4630	4941	3790	4138	3640	3274	3402	3357	0
4628	4933	3793	4138	4170	4260	4089	4300	0
4625	4931	3786	4135	4607	4819	4731	4921	0
4631	4949	3778	4140	4296	4070	4232	4301	0
4634	4955	3774	4144	3725	3089	3468	3378	0
4633	4953	3788	4144	3822	3406	3693	3628	0
4627	4950	3798	4142	4417	4450	4409	4587	0
4626	4944	3813	4143	4555	4655	4629	4741	0
4632	4903	4075	4144	3888	3683	3978	3743	0
4627	4848	4383	4143	3309	2847	3178	2939	0
4620	4858	4313	4143	3686	3377	3476	3507	0
4624	4875	4238	4146	4171	4386	4119	4513	0
4622	4851	4308	4144	3968	4408	3975	4467	0
4617	4850	4277	4142	3537	3663	3498	3663	0
4619	4861	4259	4142	3466	3386	3395	3436	0
4623	4866	4269	4146	3864	3938	3818	4087	0
4627	4878	4266	4150	4209	4328	4110	4490	0
4629	4887	4275	4152	3896	3831	3728	3914	0
4626	4881	4263	4150	3426	3337	3313	3360	0
4622	4871	4235	4149	3681	3952	3737	4013	0
4624	4876	4237	4150	4203	4651	4213	4785	0
4625	4882	4261	4151	4114	4097	3982	4290	0
4621	4876	4262	4149	3628	3035	3426	3205	0
4618	4876	4250	4149	3520	3144	3275	3117	0
4618	4875	4247	4149	3958	4315	3918	4221	0
4616	4870	4249	4147	4240	4748	4382	4754	0
4615	4876	4234	4148	3938	3808	3856	3830	0
4615	4881	4222	4149	3517	2774	3222	2852	0
4617	4883	4215	4148	3656	3184	3502	3397	0
4613	4886	4163	4148	4210	4393	4182	4529	0
4612	4889	4140	4148	4331	4678	4362	4650	0
4610	4894	4095	4144	3811	3765	3888	3806	0
4605	4905	3979	4144	3494	3128	3401	3288	0
4611	4921	3969	4151	3984	3887	3822	4089	0
4620	4929	4008	4153	4487	4830	4440	5040	0
4617	4931	3967	4151	4193	4539	4168	4652	0
4619	4931	3998	4157	3654	3660	3579	3693	0
4621	4915	4112	4158	3643	3626	3566	3700	0
4615	4900	4142	4152	4085	4334	4073	4514	0
4614	4895	4189	4151	4291	4429	4200	4637	0
4615	4885	4270	4153	3843	3666	3632	3781	0
4614	4872	4298	4153	3427	3284	3296	3292	0
4617	4862	4367	4154	3700	4084	3807	4109	0
4617	4862	4390	4154	4157	4697	4213	4820	0
4617	4869	4371	4155	4026	3927	3846	4104	0
4618	4866	4395	4155	3528	2830	3285	2964	0
4616	4860	4383	4154	3469	3060	3279	3061	0
4613	4855	4377	4154	3969	4214	3865	4140	0
4609	4847	4384	4152	4214	4709	4293	4608	0
4606	4854	4323	4152	3817	3854	3901	3767	0
4609	4853	4369	4153	3311	2701	3161	2758	0
4609	4850	4369	4150	3651	3198	3422	3378	0
4609	4930	3935	4153	4585	4735	4546	4882	0
4624	5014	3658	4164	4738	4885	4804	4881	0
4609	4946	3805	4148	3916	3645	3864	3582	0
4596	4918	3785	4142	3693	3444	3530	3547	0
4655	5086	3718	4186	4555	4763	4425	5028	0
4653	5063	3784	4180	4846	5335	4869	5610	0
4591	4908	3790	4135	4242	4445	4217	4586	0
4609	4963	3776	4151	3898	3590	3557	3617	0
4622	4986	3786	4160	3928	3714	3603	3819	0
4600	4937	3785	4143	4264	4536	4211	4830	0
4602	4958	3777	4146	4538	4952	4557	5272	0
4607	4965	3784	4150	4226	4120	4065	4344	0
4609	4964	3789	4148	3817	3312	3537	3445	0
4607	4966	3782	4148	4040	4043	3921	3912	0
4610	4970	3793	4151	4535	5102	4565	4986	0
4613	4971	3795	4152	4476	4729	4450	4985	0
4608	4965	3785	4147	4009	3517	3795	3871	0
4608	4970	3795	4151	3941	3309	3692	3525	0
4610	4973	3793	4154	4296	4313	4289	4438	0
4610	4971	3794	4150	4524	4883	4668	5009	0
4609	4974	3800	4148	4292	4141	4242	4364	0
4605	4965	3792	4146	3936	3271	3656	3611	0
4607	4962	3796	4144	4034	3706	3828	3949	0
4606	4968	3798	4145	4387	4712	4420	4902	0
4601	4962	3797	4142	4425	4784	4451	4932	0
4600	4951	3801	4137	4101	3860	3842	3892	0
4599	4949	3797	4136	3884	3287	3508	3420	0
4596	4954	3798	4138	4138	4065	3991	4343	0
4598	4958	3802	4140	4451	4988	4509	5276	0
4601	4962	3809	4140	4329	4529	4230	4715	0
4599	4959	3809	4138	4008	3511	3611	3560	0
4595	4949	3804	4134	3984	3616	3604	3692	0
4597	4961	3810	4137	4305	4609	4230	4906	0
4601	4969	3811	4142	4434	4876	4477	5209	0
