0	0	0	0	0	0	0	0	2
881018933	1085530952	1651910499	1085288999	2092419965	1085310923	-2092419964	1085330484	2
220254734	1085266130	1762037866	1085298320	-110127366	1085426582	0	0	2
660764200	1085430390	1651910499	1085529639	330382100	1085289787	-330382099	1085310660	2
4717	5087	4154	4231	4324	4072	4197	4684	2
4718	5091	4157	4233	4319	4069	4189	4682	2
4718	5101	4160	4234	4325	4068	4196	4684	2
4717	5106	4166	4231	4338	4074	4204	4687	2
4716	5100	4172	4232	4344	4081	4207	4687	2
4715	5089	4164	4233	4333	4079	4207	4684	2
4717	5086	4158	4232	4329	4076	4203	4684	2
4721	5091	4164	4233	4339	4081	4199	4688	2
4712	5092	4160	4233	4336	4077	4200	4686	2
4705	5087	4152	4231	4322	4068	4197	4684	2
4716	5087	4162	4230	4331	4077	4200	4688	2
4725	5090	4175	4232	4351	4087	4209	4691	2
4711	5089	4166	4233	4332	4078	4204	4688	2
4707	5092	4160	4231	4313	4078	4196	4685	2
4736	5102	4176	4231	4341	4094	4211	4688	2
4744	5108	4181	4232	4358	4095	4222	4691	2
4709	5103	4160	4232	4328	4084	4203	4688	2
4688	5091	4146	4231	4308	4076	4182	4683	2
4698	5086	4149	4230	0	0	0	0	2
0	0	0	0	0	0	0	0	2
0	0	0	0	0	0	0	0	2
0	0	0	0	0	0	0	0	2
0	0	0	0	0	0	0	0	2
0	0	0	0	0	0	0	0	2
0	0	0	0	0	0	0	0	2
0	0	0	0	0	0	0	0	2
0	0	0	0	0	0	0	0	2
0	0	0	0	0	0	0	0	2
0	0	0	0	0	0	0	0	2
0	0	0	0	0	0	0	0	2
0	0	0	0	0	0	0	0	2
0	0	0	0	0	0	0	0	2
0	0	0	0	0	0	0	0	2
0	5088	4164	4226	4334	4091	4203	4692	2
4701	5088	4156	4228	4331	4091	4200	4695	2
4690	5081	4147	4225	4322	4092	4186	4689	2
4691	5083	4149	4221	4317	4090	4185	4684	2
4707	5090	4162	4224	4331	4094	4201	4690	2
4704	5089	4163	4226	4335	4101	4203	4696	2
4691	5085	4153	4224	4328	4099	4196	4691	2
4701	5088	4160	4224	4331	4099	4201	4690	2
4701	5090	4168	4223	4329	4101	4199	4692	2
4684	5087	4159	4222	4322	4094	4193	4690	2
4682	5085	4152	4223	4321	4089	4194	4687	2
4677	5087	4153	4220	4308	4090	4187	4688	2
4669	5087	4150	4219	4300	4090	4178	4688	2
4676	5085	4149	4222	4310	4089	4181	4685	2
4683	5084	4151	4224	4315	4087	4183	4686	2
4689	5082	4157	4224	4322	4095	4192	4692	2
4701	5082	4167	4226	4333	4103	4203	4693	2
4697	5085	4164	4224	4324	4095	4194	4689	2
4696	5086	4154	4221	4313	4094	4185	4690	2
4707	5087	4156	4224	4318	4102	4192	4691	2
4706	5090	4160	4227	4322	4103	4200	4687	2
4698	5087	4154	4226	4320	4098	4196	4688	2
4698	5085	4152	4226	4314	4095	4188	4691	2
4705	5092	4156	4230	4315	4097	4185	4688	2
4706	5093	4156	4229	4323	4104	4189	4689	2
4696	5085	4155	4226	4320	4106	4190	4692	2
4691	5087	4154	4228	4311	4100	4183	4689	2
4694	5091	4155	4229	4312	4099	4184	4687	2
4700	5090	4161	4227	4317	4102	4193	4690	2
4710	5099	4170	4228	4319	4107	4194	4690	2
4713	5104	4170	4230	4314	4107	4193	4689	2
4705	5098	4166	4227	4315	4103	4197	4692	2
4703	5098	4168	4226	4329	4106	4204	4694	2
4705	5100	4169	4232	4329	4106	4200	4692	2
4703	5103	4167	4233	4310	4095	4187	4688	2
4701	5104	4166	4231	4305	4086	4185	4686	2
4699	5093	4166	4230	4314	4096	4194	4689	2
4708	5085	4168	4230	4318	4109	4203	4695	2
4715	5094	4169	4232	4313	4105	4198	4693	2
4707	5103	4166	4230	4308	4098	4191	4687	2
4704	5100	4166	4229	4310	4102	4192	4691	2
4717	5097	4168	4233	4320	4107	4201	4696	2
4720	5099	4168	4233	4324	4108	4203	4695	2
4719	5102	4170	4233	4324	4108	4202	4695	2
4725	5103	4173	4234	4333	4112	4210	4698	2
4722	5100	4171	4230	4327	4113	4209	4695	2
4723	5104	4175	4228	4317	4109	4205	4693	2
4735	5115	4185	4232	4325	4105	4209	4697	2
4738	5123	4186	4232	4321	4098	4205	4697	2
4728	5117	4176	4228	4303	4089	4196	4691	2
4722	5106	4170	4229	4308	4089	4199	4689	2
4725	5103	4175	4233	4324	4100	4204	4693	2
4733	5112	4182	4231	4320	4105	4201	4692	2
4738	5117	4184	4230	4317	4103	4208	4692	2
4739	5106	4181	4231	4324	4103	4216	4694	2
4739	5101	4175	4232	4321	4105	4214	4693	2
4745	5107	4177	4231	4316	4105	4210	4692	2
4755	5106	4187	4231	4335	4108	4219	4700	2
4755	5100	4186	4230	4342	4110	4218	4695	2
4735	5103	4166	4226	4301	4100	4191	4683	2
4722	5104	4155	4228	4276	4089	4173	4684	2
4733	5102	4163	4233	4297	4096	4186	4687	2
4742	5106	4171	4235	4314	4107	4202	4686	2
4734	5109	4169	4233	4307	4104	4200	4690	2
4533	5072	4110	4146	3950	4049	4157	4601	2
4531	5072	4110	4146	3948	4048	4157	4597	2
4522	5071	4101	4147	3937	4036	4151	4593	2
4509	5065	4096	4147	3943	4037	4150	4597	2
4517	5073	4103	4146	3955	4046	4151	4602	2
4528	5084	4108	4149	3952	4044	4153	4600	2
4515	5073	4103	4149	3943	4038	4151	4597	2
4513	5071	4103	4146	3947	4046	4146	4595	2
4529	5087	4111	4149	3960	4052	4156	4597	2
4522	5081	4112	4150	3963	4047	4166	4603	2
4510	5072	4108	4147	3957	4043	4158	4602	2
4520	5091	4109	4148	3949	4042	4150	4595	2
4521	5095	4110	4149	3949	4042	4153	4595	2
4507	5072	4107	4148	3959	4049	4163	4597	2
4504	5070	4107	4148	3959	4049	4167	4595	2
4500	5078	4103	4149	3951	4040	4157	4595	2
4492	5076	4096	4148	3950	4036	4152	4595	2
4498	5072	4098	4148	3955	4035	4156	4597	2
4500	5074	4103	4149	3954	4033	4156	4597	2
4489	5080	4097	4151	3954	4039	4156	4595	2
4490	5086	4095	4151	3958	4045	4163	4595	2
4494	5085	4101	4149	3961	4041	4165	4595	2
4492	5077	4099	4150	3953	4033	4159	4593	2
4490	5073	4093	4151	3950	4035	4157	4594	2
4492	5076	4099	4150	3960	4041	4167	4597	2
4491	5083	4105	4151	3963	4037	4168	4594	2
4482	5089	4096	4154	3957	4028	4160	4592	2
4476	5087	4090	4152	3963	4029	4162	4596	2
4479	5088	4095	4149	3964	4033	4163	4598	2
4471	5088	4091	4151	3946	4028	4150	4594	2
4468	5087	4082	4150	3943	4027	4149	4592	2
4477	5087	4083	4150	3956	4032	4158	4594	2
4469	5082	4082	4150	3954	4029	4154	4594	2
4453	5077	4077	4149	3948	4022	4151	4592	2
4456	5080	4078	4149	3950	4023	4154	4591	2
4462	5083	4078	4150	3952	4024	4152	4590	2
4456	5077	4075	4149	3952	4024	4153	4590	2
4456	5076	4074	4150	3951	4024	4153	4591	2
4459	5083	4075	4151	3949	4020	4144	4592	2
4460	5087	4076	4149	3950	4016	4142	4590	2
4464	5087	4080	4149	3952	4020	4149	4589	2
4466	5090	4080	4150	3955	4028	4155	4593	2
4477	5099	4086	4150	3968	4035	4163	4594	2
4494	5108	4103	4153	3978	4036	4173	4592	2
4495	5110	4107	4155	3976	4031	4173	4595	2
4484	5106	4095	4153	3972	4030	4170	4596	2
4488	5103	4095	4154	3978	4031	4171	4594	2
4492	5106	4100	4155	3981	4028	4172	4593	2
4480	5106	4092	4154	3973	4026	4168	4592	2
4475	5102	4086	4155	3968	4026	4163	4591	2
4476	5100	4088	4153	3963	4020	4161	4592	2
4475	5103	4089	4151	3964	4013	4167	4592	2
4476	5106	4091	4152	3973	4017	4169	4591	2
4477	5098	4088	4154	3978	4023	4165	4592	2
4475	5094	4083	4153	3976	4020	4167	4594	2
4476	5103	4084	4154	3972	4015	4168	4592	2
4476	5102	4084	4155	3971	4012	4158	4591	2
4474	5096	4082	4154	3973	4009	4157	4592	2
4475	5098	4080	4152	3975	4009	4164	4591	2
4473	5093	4078	4154	3974	4010	4161	4591	2
4467	5088	4077	4156	3975	4008	4159	4592	2
4471	5096	4084	4155	3984	4007	4168	4592	2
4489	5106	4092	4155	3987	4009	4173	4592	2
4485	5101	4086	4154	3982	4010	4164	4592	2
4459	5089	4071	4154	3983	4007	4161	4591	2
4460	5092	4070	4154	3983	4003	4168	4592	2
4475	5105	4078	4154	3980	4001	4164	4592	2
4471	5101	4077	4154	3978	4001	4154	4590	2
4467	5090	4072	4154	3984	4003	4161	4590	2
4473	5085	4074	4152	3989	4006	4171	4592	2
4471	5080	4074	4152	3987	4003	4166	4591	2
4471	5080	4075	4154	3986	4000	4165	4590	2
4477	5088	4078	4154	3996	4010	4169	4594	2
4474	5093	4076	4153	4006	4018	4168	4597	2
4475	5102	4078	4155	4001	4009	4168	4593	2
4487	5103	4084	4155	3997	3996	4168	4591	2
4486	5092	4078	4153	4006	3998	4166	4594	2
4472	5089	4069	4153	4003	4000	4159	4593	2
4470	5092	4072	4155	3988	3984	4152	4589	2
4479	5096	4076	4153	3988	3975	4151	4590	2
4477	5099	4072	4154	4003	3990	4153	4592	2
4471	5093	4073	4156	4010	4002	4153	4592	2
4474	5089	4074	4156	4009	3994	4156	4593	2
4484	5094	4073	4155	4015	3991	4166	4595	2
4493	5095	4073	4156	4023	3999	4169	4594	2
4488	5088	4070	4155	4021	3996	4159	4592	2
4477	5089	4063	4152	4013	3985	4150	4592	2
4477	5096	4061	4154	4016	3990	4153	4593	2
4489	5103	4069	4157	4028	4003	4165	4593	2
4495	5103	4073	4156	4034	3994	4168	4592	2
4496	5101	4070	4157	4032	3981	4163	4594	2
4508	5105	4073	4158	4031	3984	4164	4596	2
4510	5106	4078	4157	4038	3993	4170	4596	2
4493	5102	4071	4158	4046	3994	4169	4598	2
4483	5100	4062	4159	4041	3991	4166	4595	2
4486	5101	4064	4158	4036	3993	4165	4594	2
4493	5101	4070	4157	4044	3998	4166	4598	2
4496	5103	4071	4157	4049	3994	4168	4597	2
4492	5099	4066	4155	4045	3988	4167	4595	2
4488	5093	4063	4155	4046	3992	4167	4597	2
4494	5097	4068	4158	4052	3997	4171	4596	2
4497	5101	4068	4159	4051	3995	4170	4592	2
4493	5101	4062	4157	4050	3991	4166	4593	2
4497	5103	4062	4157	4056	3998	4167	4597	2
4504	5102	4065	4156	4060	4001	4168	4597	2
4508	5102	4068	4156	4060	3993	4171	4594	2
4511	5105	4074	4158	4067	3996	4175	4595	2
4511	5105	4073	4159	4067	4004	4173	4598	2
4510	5104	4071	4158	4071	4005	4171	4601	2
4505	5104	4069	4157	4079	4006	4170	4600	2
4496	5100	4058	4156	4068	4001	4159	4596	2
4488	5100	4049	4155	4052	3995	4149	4593	2
4490	5103	4052	4156	4062	4002	4152	4595	2
4497	5103	4054	4158	4067	4002	4155	4596	2
4502	5101	4050	4157	4056	3992	4149	4593	2
4504	5102	4052	4156	4066	4000	4153	4595	2
4515	5110	4058	4156	4082	4011	4162	4598	2
4518	5120	4061	4156	4080	4008	4166	4597	2
4513	5115	4060	4157	4081	4005	4167	4599	2
4515	5110	4057	4157	4082	4003	4166	4599	2
4522	5114	4058	4155	4083	4006	4166	4600	2
4526	5121	4061	4157	4094	4013	4169	4603	2
4537	5124	4067	4162	4103	4011	4171	4603	2
4541	5119	4068	4163	4102	4009	4171	4601	2
4527	5109	4061	4159	4105	4013	4171	4604	2
4520	5113	4059	4158	4103	4012	4170	4603	2
4522	5118	4061	4157	4092	4008	4169	4598	2
4521	5107	4055	4157	4092	4010	4165	4598	2
4519	5098	4049	4159	4098	4007	4157	4600	2
4520	5106	4050	4160	4097	4003	4152	4600	2
4522	5110	4052	4156	4096	4008	4154	4600	2
4521	5105	4050	4157	4098	4008	4154	4599	2
4523	5102	4047	4160	4104	4008	4153	4600	2
4526	5101	4049	4158	4109	4011	4154	4601	2
4525	5096	4049	4156	4104	4004	4153	4598	2
4519	5093	4044	4155	4101	3997	4148	4597	2
4525	5102	4046	4156	4108	4005	4145	4601	2
4535	5107	4050	4157	4113	4011	4149	4602	2
4529	5099	4046	4156	4112	4009	4154	4600	2
4521	5099	4043	4155	4117	4011	4153	4603	2
4521	5104	4044	4155	4121	4013	4151	4606	2
4523	5100	4044	4155	4118	4010	4153	4604	2
4534	5100	4051	4155	4123	4013	4156	4603	2
4536	5103	4054	4155	4124	4013	4148	4602	2
4522	5097	4043	4154	4114	4006	4141	4597	2
4522	5098	4045	4155	4118	4008	4149	4599	2
4542	5106	4062	4156	4136	4022	4156	4605	2
4546	5102	4062	4157	4138	4022	4153	4606	2
4539	5101	4052	4157	4129	4013	4151	4606	2
4538	5103	4055	4157	4128	4010	4152	4604	2
4536	5096	4058	4156	4133	4012	4151	4604	2
4537	5095	4061	4155	4138	4018	4153	4607	2
4548	5106	4068	4156	4142	4024	4155	4609	2
4553	5109	4069	4157	4142	4018	4152	4608	2
4547	5103	4067	4157	4142	4020	4150	4606	2
4546	5100	4070	4155	4151	4034	4160	4606	2
4563	5112	4080	4158	4160	4031	4169	4609	2
4574	5117	4085	4163	4158	4022	4169	4609	2
4565	5101	4083	4162	4157	4030	4166	4607	2
4571	5101	4085	4163	4171	4043	4170	4610	2
4585	5120	4093	4164	4177	4041	4171	4612	2
4576	5119	4092	4163	4175	4038	4168	4609	2
4578	5113	4090	4162	4185	4043	4173	4613	2
4592	5121	4097	4162	4193	4042	4174	4615	2
4575	5109	4089	4161	4175	4029	4164	4609	2
4563	5101	4079	4160	4164	4024	4160	4608	2
4587	5127	4096	4163	4176	4035	4168	4611	2
4592	5133	4107	4162	4185	4047	4170	4609	2
4579	5106	4091	4161	4183	4048	4163	4610	2
4584	5097	4089	4163	4187	4041	4168	4616	2
4589	5106	4102	4163	4192	4035	4171	4612	2
4586	5110	4098	4158	4187	4037	4160	4609	2
4585	5110	4088	4157	4185	4042	4155	4614	2
4585	5112	4096	4160	4191	4040	4165	4614	2
4600	5120	4110	4165	4198	4037	4171	4612	2
4612	5122	4110	4166	4202	4036	4167	4615	2
4594	5107	4101	4163	4203	4036	4168	4614	2
4583	5097	4101	4163	4204	4045	4171	4615	2
4597	5105	4107	4163	4204	4048	4167	4616	2
4603	5110	4108	4163	4207	4043	4166	4615	2
4604	5116	4110	4164	4213	4048	4168	4616	2
4614	5124	4120	4165	4217	4054	4171	4617	2
4621	5118	4125	4164	4220	4053	4173	4617	2
4616	5109	4119	4164	4220	4049	4172	4617	2
4607	5100	4113	4167	4217	4048	4168	4618	2
4603	5099	4114	4165	4220	4048	4167	4617	2
4614	5111	4119	4164	4229	4053	4167	4620	2
4620	5114	4124	4167	4230	4056	4169	4624	2
4614	5107	4126	4167	4222	4047	4176	4622	2
4615	5102	4124	4163	4223	4040	4176	4621	2
4622	5103	4127	4163	4235	4048	4174	4622	2
4623	5104	4132	4165	4238	4053	4176	4620	2
4621	5103	4130	4166	4231	4047	4180	4617	2
4625	5106	4127	4166	4237	4049	4178	4623	2
4627	5112	4126	4168	4251	4066	4170	4627	2
4621	5109	4126	4168	4246	4061	4168	4623	2
4623	5112	4130	4168	4234	4042	4176	4621	2
4632	5121	4138	4169	4241	4046	4188	4624	2
4628	5110	4134	4168	4252	4058	4181	4625	2
4621	5102	4125	4166	4249	4054	4169	4625	2
4621	5105	4121	4169	4238	4038	4168	4624	2
4614	5090	4120	4170	4234	4030	4169	4622	2
4615	5092	4124	4169	4240	4038	4168	4623	2
4633	5125	4135	4169	4249	4050	4174	4626	2
4640	5118	4140	4171	4251	4041	4182	4625	2
4627	5084	4132	4170	4245	4025	4180	4625	2
4625	5090	4131	4167	4238	4024	4178	4626	2
4642	5115	4139	4167	4242	4029	4176	4626	2
4640	5106	4135	4169	4243	4024	4171	4623	2
4610	5079	4117	4168	4235	4020	4166	4622	2
4601	5069	4111	4168	4235	4024	4163	4625	2
4617	5073	4118	4170	4236	4020	4158	4624	2
4613	5078	4118	4171	4225	4001	4155	4616	2
4598	5080	4114	4170	4222	3996	4154	4615	2
4603	5080	4116	4171	4224	4007	4152	4619	2
4605	5081	4117	4171	4220	4010	4152	4617	2
4600	5084	4117	4167	4220	4006	4154	4616	2
4609	5090	4121	4166	4220	4006	4153	4616	2
4613	5092	4115	4169	4212	4007	4151	4617	2
4591	5075	4102	4168	4211	4010	4151	4616	2
4580	5068	4100	4166	4214	4013	4150	4616	2
4594	5087	4107	4168	4210	4005	4147	4616	2
4596	5085	4109	4168	4210	4004	4152	4616	2
4581	5063	4098	4168	4212	4013	4155	4617	2
4582	5072	4097	4168	4204	4005	4150	4615	2
4593	5091	4106	4168	4197	3994	4147	4614	2
4586	5080	4103	4166	4201	4003	4149	4615	2
4569	5066	4088	4168	4202	4012	4147	4615	2
4568	5069	4090	4169	4201	4009	4145	4614	2
4574	5078	4103	4168	4201	4006	4148	4615	2
4576	5085	4106	4166	4196	4002	4153	4617	2
4585	5087	4106	4168	4193	3995	4155	4616	2
4586	5087	4105	4169	4189	3987	4156	4613	2
4573	5085	4102	4168	4180	3982	4154	4611	2
4565	5081	4097	4168	4174	3985	4152	4610	2
4559	5070	4091	4168	4172	3986	4150	4611	2
4552	5071	4086	4166	4168	3981	4150	4608	2
4548	5086	4086	4165	4163	3977	4150	4606	2
4548	5091	4086	4164	4160	3978	4149	4609	2
4547	5076	4081	4164	4157	3978	4148	4609	2
4541	5069	4078	4164	4155	3979	4152	4605	2
4547	5091	4088	4164	4153	3980	4154	4606	2
4554	5099	4091	4163	4150	3979	4154	4607	2
4529	5060	4074	4160	4144	3977	4152	4604	2
4498	5042	4060	4157	4135	3976	4151	4601	2
4507	5068	4064	4162	4133	3980	4154	4604	2
4517	5075	4063	4163	4137	3985	4156	4606	2
4504	5068	4057	4160	4136	3995	4152	4603	2
4508	5084	4061	4162	4132	4020	4160	4600	2
4511	5085	4064	4163	4137	4042	4171	4605	2
4467	5065	4057	4158	4140	4038	4166	4608	2
4418	5071	4053	4156	4132	4025	4162	4606	2
4405	5089	4054	4156	4121	4022	4165	4604	2
4390	5083	4043	4156	4107	4018	4154	4600	2
4357	5068	4023	4153	4090	4012	4137	4593	2
4347	5067	4013	4151	4080	4007	4135	4591	2
4351	5069	4014	4152	4081	4004	4142	4594	2
4343	5060	4011	4153	4080	4007	4148	4594	2
4335	5054	4006	4153	4078	4006	4152	4594	2
4333	5058	4005	4154	4079	4006	4153	4593	2
4328	5064	4003	4153	4075	4013	4153	4592	2
4321	5069	4002	4152	4068	4011	4155	4592	2
4312	5062	3995	4152	4065	4005	4152	4591	2
4304	5056	3987	4151	4066	4011	4152	4590	2
4307	5069	3989	4153	4063	4010	4155	4590	2
4305	5072	3985	4153	4053	3994	4152	4589	2
4283	5057	3971	4151	4045	3994	4148	4588	2
4271	5053	3969	4151	4050	4010	4156	4589	2
4273	5058	3977	4150	4052	4010	4167	4588	2
4255	5053	3966	4147	4029	3995	4155	4582	2
4229	5044	3949	4147	4001	3980	4134	4577	2
4228	5046	3944	4149	3995	3980	4138	4575	2
4234	5048	3941	4146	4002	3993	4151	4575	2
4228	5046	3940	4146	3994	3994	4152	4576	2
4222	5052	3944	4148	3971	3985	4152	4576	2
4220	5060	3942	4147	3940	3983	4152	4570	2
4207	5050	3932	4148	3907	3974	4144	4564	2
4189	5037	3926	4146	3874	3944	4137	4556	2
4181	5038	3923	4144	3849	3936	4136	4547	2
4184	5039	3923	4146	3827	3948	4139	4544	2
4191	5044	3928	4144	3794	3941	4143	4543	2
4180	5052	3925	4143	3756	3922	4141	4533	2
4161	5047	3913	4146	3728	3911	4135	4525	2
4149	5034	3903	4146	3711	3904	4130	4523	2
4148	5026	3899	4143	3701	3900	4129	4519	2
4146	5021	3901	4142	3695	3905	4135	4517	2
4143	5029	3902	4143	3689	3906	4136	4517	2
4141	5037	3896	4143	3678	3899	4128	4514	2
4135	5031	3891	4143	3657	3891	4131	4508	2
4138	5029	3897	4143	3641	3880	4139	4502	2
4141	5029	3898	4143	3630	3870	4138	4498	2
4139	5028	3893	4144	3617	3871	4136	4497	2
4139	5030	3896	4144	3601	3877	4143	4495	2
4139	5027	3896	4143	3584	3876	4148	4489	2
4136	5014	3887	4142	3560	3866	4144	4484	2
4138	5017	3885	4145	3534	3849	4136	4480	2
4146	5040	3894	4145	3512	3837	4137	4472	2
4145	5038	3888	4142	3489	3833	4142	4470	2
4134	5014	3877	4142	3460	3823	4139	4467	2
4124	5014	3877	4146	3437	3817	4133	4459	2
4127	5024	3879	4146	3428	3822	4134	4454	2
4135	5009	3876	4142	3412	3807	4136	4453	2
4128	4996	3871	4141	3393	3791	4125	4448	2
4118	5004	3864	4141	3383	3795	4114	4441	2
4128	5007	3864	4138	3373	3798	4120	4443	2
4139	5004	3874	4141	3358	3791	4130	4442	2
4137	5003	3878	4143	3343	3782	4131	4431	2
4138	5003	3871	4142	3314	3765	4126	4425	2
4136	4997	3861	4141	3264	3750	4120	4421	2
4131	4989	3859	4140	3223	3745	4117	4413	2
4139	4989	3864	4139	3209	3737	4125	4406	2
4141	4989	3863	4139	3200	3725	4129	4403	2
4132	4979	3857	4140	3189	3722	4121	4400	2
4150	4982	3864	4141	3190	3725	4122	4398	2
4173	4994	3872	4140	3194	3727	4133	4400	2
4161	4993	3867	4140	3196	3729	4133	4398	2
4152	4984	3861	4142	3198	3732	4129	4396	2
4171	4975	3864	4142	3194	3730	4136	4395	2
4178	4976	3865	4141	3178	3719	4135	4392	2
4166	4991	3864	4141	3166	3713	4124	4386	2
4156	4995	3866	4142	3165	3721	4126	4386	2
4136	4986	3866	4140	3160	3719	4129	4385	2
4112	4988	3864	4141	3150	3702	4127	4379	2
4100	4988	3863	4143	3147	3694	4124	4376	2
4099	4988	3865	4143	3153	3706	4124	4380	2
4110	4995	3870	4141	3165	3713	4131	4382	2
4110	4984	3868	4142	3165	3708	4134	4376	2
4104	4971	3863	4142	3156	3707	4128	4374	2
4111	4985	3864	4142	3145	3702	4120	4374	2
4116	4995	3866	4141	3132	3693	4123	4370	2
4105	4977	3864	4139	3120	3689	4125	4363	2
4106	4970	3863	4139	3105	3684	4123	4358	2
4125	4987	3865	4141	3095	3680	4126	4356	2
4128	4991	3871	4143	3094	3685	4125	4358	2
4124	4980	3876	4141	3094	3686	4121	4357	2
4123	4976	3876	4140	3083	3676	4123	4352	2
4109	4988	3877	4142	3071	3666	4121	4350	2
4082	4990	3881	4142	3069	3668	4120	4350	2
4066	4979	3879	4139	3067	3671	4128	4346	2
4064	4976	3877	4137	3054	3663	4126	4339	2
4063	4985	3878	4137	3037	3655	4112	4335	2
4058	4990	3877	4136	3030	3660	4107	4334	2
4050	4984	3873	4135	3026	3660	4111	4332	2
4053	4980	3873	4136	3006	3648	4108	4325	2
4065	4982	3876	4138	2966	3628	4107	4316	2
4068	4986	3878	4138	2906	3603	4110	4304	2
4069	4991	3884	4137	2809	3574	4108	4285	2
4082	4994	3893	4137	2684	3542	4104	4263	2
4088	4993	3895	4140	2586	3508	4107	4244	2
4078	4988	3891	4140	2554	3488	4107	4233	2
4074	4985	3891	4138	2556	3488	4105	4230	2
4090	4986	3896	4138	2556	3492	4113	4228	2
4107	4987	3899	4140	2558	3491	4123	4228	2
4113	4996	3898	4142	2569	3490	4123	4228	2
4118	5002	3901	4141	2581	3491	4123	4225	2
4117	4996	3896	4139	2586	3493	4115	4226	2
4102	4992	3883	4139	2582	3492	4103	4229	2
4092	4996	3878	4138	2578	3489	4099	4225	2
4098	5004	3881	4138	2586	3489	4104	4224	2
4103	5003	3880	4140	2604	3491	4108	4225	2
4100	4994	3878	4141	2614	3488	4110	4224	2
4106	5000	3881	4140	2624	3493	4114	4222	2
4119	5014	3882	4143	2638	3504	4118	4225	2
4121	5010	3879	4144	2643	3499	4121	4226	2
4113	5002	3879	4142	2639	3489	4118	4223	2
4120	5011	3883	4140	2649	3500	4118	4222	2
4135	5014	3889	4142	2666	3511	4123	4226	2
4143	5008	3892	4142	2672	3507	4124	4225	2
4152	5013	3892	4141	2677	3506	4123	4221	2
4158	5012	3892	4142	2686	3507	4125	4221	2
4154	5000	3892	4143	2693	3506	4126	4223	2
4161	5005	3893	4142	2706	3517	4123	4224	2
4175	5029	3895	4140	2723	3525	4122	4225	2
4174	5029	3894	4144	2728	3510	4120	4224	2
4170	5012	3892	4145	2724	3503	4111	4222	2
4174	5018	3891	4140	2733	3515	4105	4221	2
4171	5024	3892	4137	2745	3520	4107	4222	2
4169	5010	3891	4140	2746	3513	4109	4222	2
4181	5011	3893	4142	2748	3515	4105	4216	2
4186	5030	3897	4143	2762	3523	4107	4216	2
4182	5027	3897	4144	2774	3523	4115	4220	2
4182	5009	3893	4145	2776	3522	4116	4218	2
4183	5012	3891	4143	2782	3520	4115	4217	2
4185	5023	3891	4141	2794	3523	4114	4219	2
4194	5023	3892	4143	2809	3529	4114	4218	2
4201	5021	3894	4141	2818	3533	4117	4221	2
4204	5027	3897	4139	2829	3543	4125	4225	2
4206	5032	3898	4141	2837	3546	4124	4222	2
4203	5029	3894	4141	2837	3532	4115	4218	2
4201	5026	3886	4140	2844	3531	4112	4223	2
4200	5020	3875	4140	2851	3538	4106	4224	2
4184	5003	3855	4140	2845	3526	4095	4215	2
4177	4993	3841	4140	2853	3520	4092	4214	2
4193	5005	3846	4142	2878	3538	4096	4221	2
4188	5012	3843	4142	2878	3536	4093	4218	2
4168	5003	3828	4141	2867	3521	4088	4215	2
4173	5005	3832	4140	2888	3532	4090	4220	2
4191	5022	3851	4139	2917	3556	4097	4224	2
4197	5031	3860	4140	2928	3562	4104	4222	2
4202	5025	3861	4138	2935	3554	4109	4223	2
4201	5014	3861	4138	2945	3548	4108	4223	2
4198	5018	3859	4138	2955	3552	4107	4223	2
4224	5043	3871	4138	2977	3571	4112	4226	2
4234	5055	3878	4140	2995	3581	4120	4228	2
4208	5035	3863	4141	2994	3575	4114	4226	2
4205	5025	3861	4140	3002	3578	4110	4226	2
4232	5038	3881	4141	3023	3586	4119	4230	2
4231	5046	3880	4140	3023	3583	4119	4229	2
4204	5040	3860	4137	3007	3575	4097	4223	2
4206	5037	3860	4140	3014	3578	4072	4222	2
4224	5041	3872	4140	3035	3582	4056	4227	2
4221	5046	3874	4136	3043	3578	4051	4227	2
4218	5047	3874	4137	3049	3576	4053	4225	2
4229	5045	3876	4141	3062	3577	4056	4226	2
4233	5049	3877	4139	3078	3584	4058	4226	2
4236	5054	3883	4139	3094	3595	4065	4230	2
4246	5062	3890	4138	3110	3604	4073	4234	2
4254	5070	3897	4137	3123	3603	4074	4233	2
4251	5070	3891	4140	3126	3596	4065	4233	2
4243	5055	3876	4138	3132	3601	4062	4234	2
4241	5050	3883	4136	3153	3608	4072	4234	2
4250	5061	3893	4137	3160	3606	4070	4234	2
4251	5058	3884	4137	3156	3607	4058	4237	2
4243	5049	3881	4134	3167	3617	4055	4240	2
4237	5056	3888	4134	3173	3617	4055	4236	2
4233	5060	3883	4136	3171	3609	4047	4232	2
4229	5050	3876	4135	3181	3610	4044	4236	2
4231	5046	3881	4132	3200	3616	4049	4244	2
4236	5057	3889	4133	3209	3617	4052	4242	2
4245	5069	3895	4135	3218	3616	4056	4238	2
4249	5069	3895	4132	3231	3620	4058	4243	2
4252	5069	3899	4133	3249	3632	4061	4246	2
4259	5072	3909	4135	3263	3640	4067	4247	2
4253	5063	3909	4132	3271	3639	4070	4248	2
4245	5052	3906	4129	3287	3640	4070	4251	2
4252	5057	3908	4129	3299	3642	4064	4254	2
4254	5060	3908	4127	3295	3634	4058	4252	2
4252	5058	3907	4127	3303	3631	4061	4253	2
4262	5066	3910	4129	3329	3646	4062	4256	2
4264	5069	3908	4127	3344	3657	4056	4255	2
4259	5073	3910	4125	3349	3656	4060	4257	2
4272	5084	3922	4126	3371	3662	4071	4261	2
4286	5084	3927	4124	3390	3673	4072	4261	2
4283	5080	3926	4122	3397	3678	4071	4262	2
4287	5087	3935	4123	3409	3682	4076	4268	2
4299	5092	3944	4127	3425	3688	4080	4270	2
4295	5085	3941	4126	3433	3689	4077	4269	2
4291	5086	3942	4122	3444	3686	4077	4270	2
4295	5089	3945	4121	3457	3686	4078	4272	2
4292	5085	3937	4123	3463	3687	4074	4273	2
4295	5090	3942	4123	3473	3693	4075	4276	2
4301	5096	3956	4122	3492	3704	4078	4281	2
4291	5087	3949	4122	3503	3705	4075	4282	2
4302	5092	3949	4122	3512	3706	4076	4281	2
4325	5119	3966	4122	3526	3714	4080	4283	2
4315	5118	3963	4124	3538	3716	4076	4285	2
4307	5099	3950	4124	3552	3721	4078	4285	2
4321	5100	3956	4122	3567	3727	4083	4287	2
4320	5107	3959	4123	3573	3721	4075	4289	2
4310	5103	3954	4124	3580	3718	4069	4289	2
4317	5100	3958	4120	3594	3730	4071	4291	2
4322	5106	3961	4117	3601	3729	4068	4293	2
4322	5110	3963	4118	3607	3728	4067	4292	2
4330	5106	3971	4120	3626	3740	4074	4296	2
4334	5099	3974	4121	3644	3746	4075	4302	2
4340	5108	3978	4122	3654	3749	4075	4302	2
4353	5120	3988	4121	3670	3763	4084	4303	2
4360	5116	3990	4121	3688	3766	4087	4307	2
4366	5113	3991	4123	3698	3764	4081	4309	2
4372	5124	3999	4123	3707	3772	4080	4308	2
4360	5122	3993	4120	3715	3774	4078	4308	2
4340	5101	3976	4117	3716	3762	4068	4309	2
4344	5102	3976	4118	3717	3757	4063	4309	2
4359	5120	3989	4119	3732	3767	4064	4311	2
4357	5122	3990	4119	3750	3778	4066	4315	2
4356	5112	3988	4116	3760	3779	4072	4316	2
4364	5112	3992	4117	3770	3776	4076	4317	2
4371	5120	4000	4119	3785	3785	4073	4322	2
4385	5125	4008	4120	3799	3804	4077	4326	2
4404	5132	4016	4118	3819	3813	4088	4328	2
4414	5138	4025	4117	3835	3814	4093	4329	2
4415	5138	4032	4121	3842	3818	4093	4331	2
4410	5133	4029	4124	3852	3826	4091	4334	2
4409	5132	4028	4120	3863	3824	4089	4334	2
4414	5130	4027	4116	3866	3815	4088	4332	2
4386	5117	4008	4118	3861	3811	4076	4333	2
4344	5110	3987	4118	3856	3813	4058	4334	2
4364	5113	4001	4118	3870	3819	4067	4335	2
4417	5118	4029	4119	3905	3829	4089	4338	2
4435	5125	4040	4120	3925	3840	4092	4342	2
4432	5