644	643	5901	644	638	638	644	638	0
644	643	5896	644	638	638	644	638	0
644	643	5883	644	638	638	644	638	0
644	643	5874	644	638	638	644	638	0
644	643	5865	644	638	638	644	638	0
644	643	5804	644	638	638	644	638	0
644	643	5695	644	638	638	644	638	0
644	643	5642	644	638	638	644	638	0
644	643	5646	644	638	638	644	638	0
644	643	5631	644	638	638	644	638	0
644	643	5582	644	638	638	644	638	0
644	643	5515	644	638	638	644	638	0
644	643	5574	644	638	638	644	638	0
644	643	5543	644	638	638	644	638	0
644	643	5513	644	638	638	644	638	0
644	643	5998	644	638	638	644	638	0
644	643	6938	644	638	638	644	638	0
644	643	7801	644	638	638	644	638	0
644	643	7928	644	638	638	644	638	0
644	643	7731	644	638	638	644	638	0
644	643	7836	644	638	638	644	638	0
644	643	7836	644	638	638	644	638	0
644	643	7760	644	638	638	644	638	0
644	643	7765	644	638	638	644	638	0
644	643	7776	644	638	638	644	638	0
644	643	7852	644	638	638	644	638	0
644	643	7865	644	638	638	644	638	0
644	643	7698	644	638	638	644	638	0
644	643	7937	644	638	638	644	638	0
644	643	7726	644	638	638	644	638	0
644	643	5981	644	638	638	644	638	0
644	643	4658	644	638	638	644	638	0
644	643	4742	644	638	638	644	638	0
644	643	4791	644	638	638	644	638	0
644	643	4607	644	638	638	644	638	0
644	643	4640	644	638	638	644	638	0
644	643	4711	644	638	638	644	638	0
644	643	4693	644	638	638	644	638	0
644	643	4673	644	638	638	644	638	0
644	643	4663	644	638	638	644	638	0
644	643	4645	644	638	638	644	638	0
644	643	4631	644	638	638	644	638	0
644	643	4615	644	638	638	644	638	0
644	643	4599	644	638	638	644	638	0
644	643	4590	644	638	638	644	638	0
644	643	4573	644	638	638	644	638	0
644	643	4555	644	638	638	644	638	0
644	643	4541	644	638	638	644	638	0
644	643	4525	644	638	638	644	638	0
644	643	4511	644	638	638	644	638	0
644	643	4496	644	638	638	644	638	0
644	643	4481	644	638	638	644	638	0
644	643	4466	644	638	638	644	638	0
644	643	4452	644	638	638	644	638	0
644	643	4433	644	638	638	644	638	0
644	643	4412	644	638	638	644	638	0
644	643	4397	644	638	638	644	638	0
644	643	4376	644	638	638	644	638	0
644	643	4355	644	638	638	644	638	0
644	643	4341	644	638	638	644	638	0
644	643	4324	644	638	638	644	638	0
644	643	4306	644	638	638	644	638	0
644	643	4288	644	638	638	644	638	0
644	643	4273	644	638	638	644	638	0
644	643	4259	644	638	638	644	638	0
644	643	4240	644	638	638	644	638	0
644	643	4227	644	638	638	644	638	0
644	643	4212	644	638	638	644	638	0
644	643	4195	644	638	638	644	638	0
644	643	4186	644	638	638	644	638	0
644	643	4169	644	638	638	644	638	0
644	643	4155	644	638	638	644	638	0
644	643	4144	644	638	638	644	638	0
644	643	4127	644	638	638	644	638	0
644	643	4118	644	638	638	644	638	0
644	643	4102	644	638	638	644	638	0
644	643	4087	644	638	638	644	638	0
644	643	4075	644	638	638	644	638	0
644	643	4057	644	638	638	644	638	0
644	643	4040	644	638	638	644	638	0
644	643	4010	644	638	638	644	638	0
644	643	3988	644	638	638	644	638	0
644	643	3967	644	638	638	644	638	0
644	643	3933	644	638	638	644	638	0
644	643	3921	644	638	638	644	638	0
644	643	3902	644	638	638	644	638	0
644	643	3877	644	638	638	644	638	0
644	643	3854	644	638	638	644	638	0
644	643	3817	644	638	638	644	638	0
644	643	3743	644	638	638	644	638	0
644	643	3647	644	638	638	644	638	0
644	643	3771	644	638	638	644	638	0
644	643	3770	644	638	638	644	638	0
644	643	3809	644	638	638	644	638	0
644	643	5188	644	638	638	644	638	0
644	643	7130	644	638	638	644	638	0
644	643	7669	644	638	638	644	638	0
644	643	7321	644	638	638	644	638	0
644	643	7378	644	638	638	644	638	0
644	643	7461	644	638	638	644	638	0
644	643	7285	644	638	638	644	638	0
644	643	7250	644	638	638	644	638	0
644	643	7239	644	638	638	644	638	0
644	643	7211	644	638	638	644	638	0
644	643	7248	644	638	638	644	638	0
644	643	7340	644	638	638	644	638	0
644	643	7222	644	638	638	644	638	0
644	643	7130	644	638	638	644	638	0
644	643	7382	644	638	638	644	638	0
644	643	6491	644	638	638	644	638	0
644	643	4208	644	638	638	644	638	0
644	643	2939	644	638	638	644	638	0
644	643	3221	644	638	638	644	638	0
644	643	3335	644	638	638	644	638	0
644	643	3101	644	638	638	644	638	0
644	643	3212	644	638	638	644	638	0
644	643	3306	644	638	638	644	638	0
644	643	3263	644	638	638	644	638	0
644	643	3271	644	638	638	644	638	0
644	643	3250	644	638	638	644	638	0
644	643	3236	644	638	638	644	638	0
644	643	3231	644	638	638	644	638	0
644	643	3214	644	638	638	644	638	0
644	643	3207	644	638	638	644	638	0
644	643	3197	644	638	638	644	638	0
644	643	3182	644	638	638	644	638	0
644	643	3171	644	638	638	644	638	0
644	643	3155	644	638	638	644	638	0
644	643	3140	644	638	638	644	638	0
644	643	3127	644	638	638	644	638	0
644	643	3111	644	638	638	644	638	0
644	643	3098	644	638	638	644	638	0
644	643	3084	644	638	638	644	638	0
644	643	3072	644	638	638	644	638	0
644	643	3060	644	638	638	644	638	0
644	643	3043	644	638	638	644	638	0
644	643	3028	644	638	638	644	638	0
644	643	3013	644	638	638	644	638	0
644	643	2999	644	638	638	644	638	0
644	643	2985	644	638	638	644	638	0
644	643	2971	644	638	638	644	638	0
644	643	2955	644	638	638	644	638	0
644	643	2940	644	638	638	644	638	0
644	643	2925	644	638	638	644	638	0
644	643	2911	644	638	638	644	638	0
644	643	2898	644	638	638	644	638	0
644	643	2881	644	638	638	644	638	0
644	643	2864	644	638	638	644	638	0
644	643	2853	644	638	638	644	638	0
644	643	2837	644	638	638	644	638	0
644	643	2820	644	638	638	644	638	0
644	643	2807	644	638	638	644	638	0
644	643	2793	644	638	638	644	638	0
644	643	2780	644	638	638	644	638	0
644	643	2762	644	638	638	644	638	0
644	643	2740	644	638	638	644	638	0
644	643	2720	644	638	638	644	638	0
644	643	2706	644	638	638	644	638	0
644	643	2705	644	638	638	644	638	0
644	643	2697	644	638	638	644	638	0
644	643	2674	644	638	638	644	638	0
644	643	2660	644	638	638	644	638	0
644	643	2648	644	638	638	644	638	0
644	643	2629	644	638	638	644	638	0
644	643	2613	644	638	638	644	638	0
644	643	2599	644	638	638	644	638	0
644	643	2589	644	638	638	644	638	0
644	643	2573	644	638	638	644	638	0
644	643	2557	644	638	638	644	638	0
644	643	2547	644	638	638	644	638	0
644	643	2530	644	638	638	644	638	0
644	643	2519	644	638	638	644	638	0
644	643	2510	644	638	638	644	638	0
644	643	2494	644	638	638	644	638	0
644	643	2482	644	638	638	644	638	0
644	643	2466	644	638	638	644	638	0
644	643	2452	644	638	638	644	638	0
644	643	2442	644	638	638	644	638	0
644	643	2426	644	638	638	644	638	0
644	643	2414	644	638	638	644	638	0
644	643	2402	644	638	638	644	638	0
644	643	2388	644	638	638	644	638	0
644	643	2375	644	638	638	644	638	0
644	643	2362	644	638	638	644	638	0
644	643	2352	644	638	638	644	638	0
644	643	2337	644	638	638	644	638	0
644	643	2324	644	638	638	644	638	0
644	643	2316	644	638	638	644	638	0
644	643	2299	644	638	638	644	638	0
644	643	2286	644	638	638	644	638	0
644	643	2275	644	638	638	644	638	0
644	643	2260	644	638	638	644	638	0
644	643	2249	644	638	638	644	638	0
644	643	2236	644	638	638	644	638	0
644	643	2228	644	638	638	644	638	0
644	643	2221	644	638	638	644	638	0
644	643	2204	644	638	638	644	638	0
644	643	2188	644	638	638	644	638	0
644	643	2178	644	638	638	644	638	0
644	643	2167	644	638	638	644	638	0
644	643	2151	644	638	638	644	638	0
644	643	2135	644	638	638	644	638	0
644	643	2128	644	638	638	644	638	0
644	643	2116	644	638	638	644	638	0
644	643	2102	644	638	638	644	638	0
644	643	2092	644	638	638	644	638	0
644	643	2078	644	638	638	644	638	0
644	643	2064	644	638	638	644	638	0
644	643	2049	644	638	638	644	638	0
644	643	2034	644	638	638	644	638	0
644	643	2023	644	638	638	644	638	0
644	643	2008	644	638	638	644	638	0
644	643	1996	644	638	638	644	638	0
644	643	1985	644	638	638	644	638	0
644	643	1972	644	638	638	644	638	0
644	643	1962	644	638	638	644	638	0
644	643	1947	644	638	638	644	638	0
644	643	1935	644	638	638	644	638	0
644	643	1924	644	638	638	644	638	0
644	643	1907	644	638	638	644	638	0
644	643	1899	644	638	638	644	638	0
644	643	1890	644	638	638	644	638	0
644	643	1875	644	638	638	644	638	0
644	643	1863	644	638	638	644	638	0
644	643	1849	644	638	638	644	638	0
644	643	1841	644	638	638	644	638	0
644	643	1830	644	638	638	644	638	0
644	643	1816	644	638	638	644	638	0
644	643	1806	644	638	638	644	638	0
644	643	1792	644	638	638	644	638	0
644	643	1783	644	638	638	644	638	0
644	643	1771	644	638	638	644	638	0
644	643	1758	644	638	638	644	638	0
644	643	1751	644	638	638	644	638	0
644	643	1736	644	638	638	644	638	0
644	643	1718	644	638	638	644	638	0
644	643	1708	644	638	638	644	638	0
644	643	1700	644	638	638	644	638	0
644	643	1689	644	638	638	644	638	0
644	643	1673	644	638	638	644	638	0
644	643	1665	644	638	638	644	638	0
644	643	1660	644	638	638	644	638	0
644	643	1647	644	638	638	644	638	0
644	643	1636	644	638	638	644	638	0
644	643	1624	644	638	638	644	638	0
644	643	1609	644	638	638	644	638	0
644	643	1597	644	638	638	644	638	0
644	643	1587	644	638	638	644	638	0
644	643	1576	644	638	638	644	638	0
644	643	1559	644	638	638	644	638	0
644	643	1546	644	638	638	644	638	0
644	643	1540	644	638	638	644	638	0
644	643	1529	644	638	638	644	638	0
644	643	1517	644	638	638	644	638	0
644	643	1507	644	638	638	644	638	0
644	643	1494	644	638	638	644	638	0
644	643	1484	644	638	638	644	638	0
644	643	1472	644	638	638	644	638	0
644	643	1463	644	638	638	644	638	0
644	643	1453	644	638	638	644	638	0
644	643	1438	644	638	638	644	638	0
644	643	1429	644	638	638	644	638	0
644	643	1422	644	638	638	644	638	0
644	643	1409	644	638	638	644	638	0
644	643	1396	644	638	638	644	638	0
644	643	1382	644	638	638	644	638	0
644	643	1373	644	638	638	644	638	0
644	643	1361	644	638	638	644	638	0
644	643	1350	644	638	638	644	638	0
644	643	1344	644	638	638	644	638	0
644	643	1333	644	638	638	644	638	0
644	643	1323	644	638	638	644	638	0
644	643	1313	644	638	638	644	638	0
644	643	1304	644	638	638	644	638	0
644	643	1292	644	638	638	644	638	0
644	643	1276	644	638	638	644	638	0
644	643	1269	644	638	638	644	638	0
644	643	1264	644	638	638	644	638	0
644	643	1249	644	638	638	644	638	0
644	643	1234	644	638	638	644	638	0
644	643	1224	644	638	638	644	638	0
644	643	1215	644	638	638	644	638	0
644	643	1205	644	638	638	644	638	0
644	643	1193	644	638	638	644	638	0
644	643	1184	644	638	638	644	638	0
644	643	1174	644	638	638	644	638	0
644	643	1168	644	638	638	644	638	0
644	643	1159	644	638	638	644	638	0
644	643	1148	644	638	638	644	638	0
644	643	1141	644	638	638	644	638	0
644	643	1130	644	638	638	644	638	0
644	643	1125	644	638	638	644	638	0
644	643	1116	644	638	638	644	638	0
644	643	1107	644	638	638	644	638	0
644	643	1102	644	638	638	644	638	0
644	643	1090	644	638	638	644	638	0
644	643	1088	644	638	638	644	638	0
644	643	1083	644	638	638	644	638	0
644	643	1071	644	638	638	644	638	0
644	643	1065	644	638	638	644	638	0
644	643	1051	644	638	638	644	638	0
644	643	1049	644	638	638	644	638	0
644	643	1043	644	638	638	644	638	0
644	643	1032	644	638	638	644	638	0
644	643	1031	644	638	638	644	638	0
644	643	1015	644	638	638	644	638	0
644	643	1010	644	638	638	644	638	0
644	643	1011	644	638	638	644	638	0
644	643	997	644	638	638	644	638	0
644	643	999	644	638	638	644	638	0
644	643	990	644	638	638	644	638	0
644	643	977	644	638	638	644	638	0
644	643	980	644	638	638	644	638	0
644	643	971	644	638	638	644	638	0
644	643	973	644	638	638	644	638	0
644	643	960	644	638	638	644	638	0
644	643	949	644	638	638	644	638	0
644	643	965	644	638	638	644	638	0
644	643	952	644	638	638	644	638	0
644	643	938	644	638	638	644	638	0
644	643	922	644	638	638	644	638	0
644	643	916	644	638	638	644	638	0
644	643	933	644	638	638	644	638	0
644	643	917	644	638	638	644	638	0
644	643	904	644	638	638	644	638	0
644	643	895	644	638	638	644	638	0
644	643	886	644	638	638	644	638	0
644	643	894	644	638	638	644	638	0
644	643	883	644	638	638	644	638	0
644	643	879	644	638	638	644	638	0
644	643	878	644	638	638	644	638	0
644	643	862	644	638	638	644	638	0
644	643	863	644	638	638	644	638	0
644	643	855	644	638	638	644	638	0
644	643	848	644	638	638	644	638	0
644	643	847	644	638	638	644	638	0
644	643	836	644	638	638	644	638	0
644	643	840	644	638	638	644	638	0
644	643	832	644	638	638	644	638	0
644	643	823	644	638	638	644	638	0
644	643	826	644	638	638	644	638	0
644	643	815	644	638	638	644	638	0
644	643	815	644	638	638	644	638	0
644	643	817	644	638	638	644	638	0
644	643	808	644	638	638	644	638	0
644	643	804	644	638	638	644	638	0
644	643	791	644	638	638	644	638	0
644	643	797	644	638	638	644	638	0
644	643	801	644	638	638	644	638	0
644	643	785	644	638	638	644	638	0
644	643	783	644	638	638	644	638	0
644	643	778	644	638	638	644	638	0
644	643	776	644	638	638	644	638	0
644	643	774	644	638	638	644	638	0
644	643	764	644	638	638	644	638	0
644	643	767	644	638	638	644	638	0
644	643	761	644	638	638	644	638	0
644	643	753	644	638	638	644	638	0
644	643	753	644	638	638	644	638	0
644	643	749	644	638	638	644	638	0
644	643	752	644	638	638	644	638	0
644	643	747	644	638	638	644	638	0
644	643	738	644	638	638	644	638	0
644	643	740	644	638	638	644	638	0
644	643	732	644	638	638	644	638	0
644	643	732	644	638	638	644	638	0
644	643	730	644	638	638	644	638	0
644	643	724	644	638	638	644	638	0
644	643	725	644	638	638	644	638	0
644	643	721	644	638	638	644	638	0
644	643	721	644	638	638	644	638	0
644	643	717	644	638	638	644	638	0
644	643	713	644	638	638	644	638	0
644	643	717	644	638	638	644	638	0
644	643	705	644	638	638	644	638	0
644	643	705	644	638	638	644	638	0
644	643	710	644	638	638	644	638	0
644	643	701	644	638	638	644	638	0
644	643	702	644	638	638	644	638	0
644	643	698	644	638	638	644	638	0
644	643	696	644	638	638	644	638	0
644	643	696	644	638	638	644	638	0
644	643	691	644	638	638	644	638	0
644	643	694	644	638	638	644	638	0
644	643	689	644	638	638	644	638	0
644	643	686	644	638	638	644	638	0
644	643	688	644	638	638	644	638	0
644	643	680	644	638	638	644	638	0
644	643	682	644	638	638	644	638	0
644	643	680	644	638	638	644	638	0
644	643	677	644	638	638	644	638	0
644	643	680	644	638	638	644	638	0
644	643	671	644	638	638	644	638	0
644	643	670	644	638	638	644	638	0
644	643	673	644	638	638	644	638	0
644	643	672	644	638	638	644	638	0
644	643	675	644	638	638	644	638	0
644	643	666	644	638	638	644	638	0
644	643	664	644	638	638	644	638	0
644	643	667	644	638	638	644	638	0
644	643	664	644	638	638	644	638	0
644	643	665	644	638	638	644	638	0
644	643	662	644	638	638	644	638	0
644	643	663	644	638	638	644	638	0
644	643	663	644	638	638	644	638	0
644	643	655	644	638	638	644	638	0
644	643	657	644	638	638	644	638	0
644	643	660	644	638	638	644	638	0
644	643	657	644	638	638	644	638	0
644	643	654	644	638	638	644	638	0
644	643	651	644	638	638	644	638	0
644	643	654	644	638	638	644	638	0
644	643	651	644	638	638	644	638	0
644	643	650	644	638	638	644	638	0
644	643	651	644	638	638	644	638	0
644	643	646	644	638	638	644	638	0
644	643	646	644	638	638	644	638	0
644	643	648	644	638	638	644	638	0
644	643	647	644	638	638	644	638	0
644	643	647	644	638	638	644	638	0
644	643	645	644	638	638	644	638	0
644	643	647	644	638	638	644	638	0
644	643	646	644	638	638	644	638	0
644	643	644	644	638	638	644	638	0
644	643	646	644	638	638	644	638	0
644	643	644	644	638	638	644	638	0
644	643	646	644	638	638	644	638	0
644	643	649	644	638	638	644	638	0
644	643	646	644	638	638	644	638	0
644	643	643	644	638	638	644	638	0
644	643	645	644	638	638	644	638	0
644	643	648	644	638	638	644	638	0
644	643	646	644	638	638	644	638	0
644	643	644	644	638	638	644	638	0
644	643	644	644	638	638	644	638	0
644	643	645	644	638	638	644	638	0
644	643	644	644	638	638	644	638	0
644	643	644	644	638	638	644	638	0
644	643	644	644	638	638	644	638	0
644	643	644	644	638	638	644	638	0
644	643	644	644	638	638	644	638	0
644	643	644	644	638	638	644	638	0
644	643	644	644	638	638	644	638	0
644	643	644	644	638	638	644	638	0
644	643	644	644	638	638	644	638	0
644	643	644	644	638	638	644	638	0
644	643	644	644	638	638	644	638	0
644	643	644	644	638	638	644	638	0
644	643	644	644	638	638	644	638	0
644	643	644	644	638	638	644	638	0
644	643	644	644	638	638	644	638	0
644	643	644	644	638	638	644	638	0
644	643	644	644	638	638	644	638	0
644	643	644	644	638	638	644	638	0
644	643	644	644	638	638	644	638	0
644	643	644	644	638	638	644	638	0
644	643	644	644	638	638	644	638	0
644	643	644	644	638	638	644	638	0
644	643	644	644	638	638	644	638	0
644	643	644	644	638	638	644	638	0
644	643	644	644	638	638	644	638	0
644	643	644	644	638	638	644	638	0
644	643	644	644	638	638	644	638	0
644	643	644	644	638	638	644	638	0
644	643	644	644	638	638	644	638	0
644	643	644	644	638	638	644	638	0
644	643	644	644	638	638	644	638	0
644	643	644	644	638	638	644	638	0
644	643	644	644	638	638	644	638	0
644	643	644	644	638	638	644	638	0
644	643	644	644	638	638	644	638	0
644	643	644	644	638	638	644	638	0
644	643	644	644	638	638	644	638	0
644	643	644	644	638	638	644	638	0
644	643	644	644	638	638	644	638	0
644	643	644	644	638	638	644	638	0
644	643	644	644	638	638	644	638	0
644	643	644	644	638	638	644	638	0
644	643	644	644	638	638	644	638	0
644	643	644	644	638	638	644	638	0
644	643	644	644	638	638	644	638	0
644	643	644	644	638	638	644	638	0
644	643	644	644	638	638	644	638	0
644	643	644	644	638	638	644	638	0
644	643	644	644	638	638	644	638	0
644	643	644	644	638	638	644	638	0
644	643	644	644	638	638	644	638	0
644	643	644	644	638	638	644	638	0
644	643	644	644	638	638	644	638	0
644	643	644	644	638	638	644	638	0
644	643	644	644	638	638	644	638	0
644	643	644	644	638	638	644	638	0
644	643	644	644	638	638	644	638	0
644	643	644	644	638	638	644	638	0
644	643	644	644	638	638	644	638	0
644	643	644	644	638	638	644	638	0
644	643	644	644	638	638	644	638	0
644	643	644	644	638	638	644	638	0
644	643	644	644	638	638	644	638	0
644	643	644	644	638	638	644	638	0
644	643	644	644	638	638	644	638	0
644	643	644	644	638	638	644	638	0
644	643	644	644	638	638	644	638	0
644	643	644	644	638	638	644	638	0
644	643	644	644	638	638	644	638	0
644	643	644	644	638	638	644	638	0
644	643	644	644	638	638	644	638	0
644	643	644	644	638	638	644	638	0
644	643	644	644	638	638	644	638	0
644	643	644	644	638	638	644	638	0
644	643	644	644	638	638	644	638	0
644	643	644	644	638	638	644	638	0
644	643	644	644	638	638	644	638	0
644	643	644	644	638	638	644	638	0
644	643	644	644	638	638	644	638	0
644	643	644	644	638	638	644	638	0
644	643	644	644	638	638	644	638	0
644	643	644	644	638	638	644	638	0
644	643	644	644	638	638	644	638	0
644	643	644	644	638	638	644	638	0
644	643	644	644	638	638	644	638	0
644	643	644	644	638	638	644	638	0
644	643	644	644	638	638	644	638	0
644	643	644	644	638	638	644	638	0
644	643	644	644	638	638	644	638	0
644	643	644	644	638	638	644	638	0
644	643	644	644	638	638	644	638	0
644	643	644	644	638	638	644	638	0
644	643	644	644	638	638	644	638	0
644	643	644	644	638	638	644	638	0
644	643	644	644	638	638	644	638	0
644	643	644	644	638	638	644	638	0
644	643	644	644	638	638	644	638	0
644	643	644	644	638	638	644	638	0
644	643	644	644	638	638	644	638	0
644	643	644	644	638	638	644	638	0
644	643	644	644	638	638	644	638	0
644	643	644	644	638	638	644	638	0
644	643	644	644	638	638	644	638	0
644	643	644	644	638	638	644	638	0
644	643	644	644	638	638	644	638	0
644	643	644	644	638	638	644	638	0
644	643	644	644	638	638	644	638	0
644	643	644	644	638	638	644	638	0
644	643	644	644	638	638	644	638	0
644	643	644	644	638	638	644	638	0
644	643	644	644	638	638	644	638	0
644	643	644	644	638	638	644	638	0
644	643	644	644	638	638	644	638	0
644	643	644	644	638	638	644	638	0
644	643	644	644	638	638	644	638	0
644	643	644	644	638	638	644	638	0
644	643	644	644	638	638	644	638	0
644	643	644	644	638	638	644	638	0
644	643	644	644	638	638	644	638	0
644	643	644	644	638	638	644	638	0
644	643	644	644	638	638	644	638	0
644	643	644	644	638	638	644	638	0
644	643	644	644	638	638	644	638	0
644	643	644	644	638	638	644	638	0
644	643	644	644	638	638	644	638	0
644	643	644	644	638	638	644	638	0
644	643	644	644	638	638	644	638	0
644	643	644	644	638	638	644	638	0
644	643	644	644	638	638	644	638	0
644	643	644	644	638	638	644	638	0
644	643	644	644	638	638	644	638	0
644	643	644	644	638	638	644	638	0
644	643	644	644	638	638	644	638	0
644	643	644	644	638	638	644	638	0
644	643	644	644	638	638	644	638	0
644	643	644	644	638	638	644	638	0
644	643	644	644	638	638	644	638	0
644	643	644	644	638	638	644	638	0
644	643	644	644	638	638	644	638	0
644	643	644	644	638	638	644	638	0
644	643	644	644	638	638	644	638	0
644	643	644	644	638	638	644	638	0
644	643	644	644	638	638	644	638	0
644	643	644	644	638	638	644	638	0
644	643	644	644	638	638	644	638	0
644	643	644	644	638	638	644	638	0
644	643	644	644	638	638	644	638	0
644	643	644	644	638	638	644	638	0
644	643	644	644	638	638	644	638	0
644	643	644	644	638	638	644	638	0
644	643	644	644	638	638	644	638	0
644	643	644	644	638	638	644	638	0
644	643	644	644	638	638	644	638	0
644	643	644	644	638	638	644	638	0
644	643	644	644	638	638	644	638	0
644	643	644	644	638	638	644	638	0
644	643	644	644	638	638	644	638	0
644	643	644	644	638	638	644	638	0
644	643	644	644	638	638	644	638	0
644	643	644	644	638	638	644	638	0
644	643	644	644	638	638	644	638	0
644	643	644	644	638	638	644	638	0
644	643	644	644	638	638	644	638	0
644	643	644	644	638	638	644	638	0
644	643	644	644	638	638	644	638	0
644	643	644	644	638	638	644	638	0
644	643	644	644	638	638	644	638	0
644	643	644	644	638	638	644	638	0
644	643	644	644	638	638	644	638	0
644	643	644	644	638	638	644	638	0
644	643	644	644	638	638	644	638	0
644	643	644	644	638	638	644	638	0
644	643	644	644	638	638	644	638	0
644	643	644	644	638	638	644	638	0
644	643	644	644	638	638	644	638	0
644	643	644	644	638	638	644	638	0
644	643	644	644	638	638	644	638	0
644	643	644	644	638	638	644	638	0
644	643	644	644	638	638	644	638	0
644	643	644	644	638	638	644	638	0
644	643	644	644	638	638	644	638	0
644	643	644	644	638	638	644	638	0
644	643	644	644	638	638	644	638	0
644	643	644	644	638	638	644	638	0
644	643	644	644	638	638	644	638	0
644	643	644	644	638	638	644	638	0
644	643	644	644	638	638	644	638	0
644	643	644	644	638	638	644	638	0
644	643	644	644	638	638	644	638	0
644	643	644	644	638	638	644	638	0
644	643	644	644	638	638	644	638	0
644	643	644	644	638	638	644	638	0
644	643	644	644	638	638	644	638	0
644	643	644	644	638	638	644	638	0
644	643	644	644	638	638	644	638	0
644	643	644	644	638	638	644	638	0
644	643	644	644	638	638	644	638	0
644	643	644	644	638	638	644	638	0
644	643	644	644	638	638	644	638	0
644	643	644	644	638	638	644	638	0
644	643	644	644	638	638	644	638	0
644	643	644	644	638	638	644	638	0
644	643	644	644	638	638	644	638	0
644	643	644	644	638	638	644	638	0
644	643	644	644	638	638	644	638	0
644	643	644	644	638	638	644	638	0
644	643	644	644	638	638	644	638	0
644	643	644	644	638	638	644	638	0
644	643	644	644	638	638	644	638	0
644	643	644	644	638	638	644	638	0
644	643	644	644	638	638	644	638	0
644	643	644	644	638	638	644	638	0
644	643	644	644	638	638	644	638	0
644	643	644	644	638	638	644	638	0
644	643	644	644	638	638	644	638	0
644	643	644	644	638	638	644	638	0
644	643	644	644	638	638	644	638	0
644	643	644	644	638	638	644	638	0
644	643	644	644	638	638	644	638	0
644	643	644	644	638	638	644	638	0
644	643	644	644	638	638	644	638	0
644	643	644	644	638	638	644	638	0
644	643	644	644	638	638	644	638	0
644	643	644	644	638	638	644	638	0
644	643	644	644	638	638	644	638	0
644	643	644	644	638	638	644	638	0
644	643	644	644	638	638	644	638	0
644	643	637	644	638	638	644	638	0
644	643	586	644	638	638	644	638	0
644	643	561	644	638	638	644	638	0
644	643	631	644	638	638	644	638	0
644	643	554	644	638	638	644	638	0
644	643	637	644	638	638	644	638	0
644	643	1416	644	638	638	644	638	0
644	643	2560	644	638	638	644	638	0
644	643	3050	644	638	638	644	638	0
644	643	2773	644	638	638	644	638	0
644	643	2783	644	638	638	644	638	0
644	643	2981	644	638	638	644	638	0
644	643	2743	644	638	638	644	638	0
644	643	2695	644	638	638	644	638	0
644	643	2927	644	638	638	644	638	0
644	643	2224	644	638	638	644	638	0
644	643	911	644	638	638	644	638	0
644	643	492	644	638	638	644	638	0
644	643	630	644	638	638	644	638	0
644	643	596	644	638	638	644	638	0
644	643	553	644	638	638	644	638	0
644	643	607	644	638	638	644	638	0
644	643	648	644	638	638	644	638	0
644	643	643	644	638	638	644	638	0
644	643	642	644	638	638	644	638	0
644	643	645	644	638	638	644	638	0
644	643	644	644	638	638	644	638	0
644	643	643	644	638	638	644	638	0
644	643	643	644	638	638	644	638	0
644	643	643	644	638	638	644	638	0
644	643	643	644	638	638	644	638	0
644	643	644	644	638	638	644	638	0
644	643	644	644	638	638	644	638	0
644	643	643	644	638	638	644	638	0
644	643	644	644	638	638	644	638	0
644	643	644	644	638	638	644	638	0
644	643	644	644	638	638	644	638	0
644	643	644	644	638	638	644	638	0
644	643	644	644	638	638	644	638	0
644	643	644	644	638	638	644	638	0
644	643	644	644	638	638	644	638	0
644	643	644	644	638	638	644	638	0
644	643	644	644	638	638	644	638	0
644	643	644	644	638	638	644	638	0
644	643	644	644	638	638	644	638	0
644	643	644	644	638	638	644	638	0
644	643	644	644	638	638	644	638	0
644	643	644	644	638	638	644	638	0
644	643	644	644	638	638	644	638	0
644	643	644	644	638	638	644	638	0
644	643	644	644	638	638	644	638	0
644	643	644	644	638	638	644	638	0
644	643	644	644	638	638	644	638	0
644	643	644	644	638	638	644	638	0
644	643	644	644	638	638	644	638	0
644	643	644	644	638	638	644	638	0
644	643	644	644	638	638	644	638	0
644	643	644	644	638	638	644	638	0
644	643	644	644	638	638	644	638	0
644	643	644	644	638	638	644	638	0
644	643	644	644	638	638	644	638	0
644	643	644	644	638	638	644	638	0
644	643	644	644	638	638	644	638	0
644	643	644	644	638	638	644	638	0
644	643	644	644	638	638	644	638	0
644	643	644	644	638	638	644	638	0
644	643	644	644	638	638	644	638	0
644	643	644	644	638	638	644	638	0
644	643	644	644	638	638	644	638	0
644	643	644	644	638	638	644	638	0
644	643	644	644	638	638	644	638	0
644	643	644	644	638	638	644	638	0
644	643	644	644	638	638	644	638	0
644	643	644	644	638	638	644	638	0
644	643	644	644	638	638	644	638	0
644	643	644	644	638	638	644	638	0
644	643	644	644	638	638	644	638	0
644	643	644	644	638	638	644	638	0
644	643	644	644	638	638	644	638	0
644	643	644	644	638	638	644	638	0
644	643	644	644	638	638	644	638	0
644	643	644	644	638	638	644	638	0
644	643	644	644	638	638	644	638	0
644	643	644	644	638	638	644	638	0
644	643	644	644	638	638	644	638	0
644	643	644	644	638	638	644	638	0
644	643	644	644	638	638	644	638	0
644	643	644	644	638	638	644	638	0
644	643	644	644	638	638	644	638	0
644	643	644	644	638	638	644	638	0
644	643	644	644	638	638	644	638	0
644	643	644	644	638	638	644	638	0
644	643	644	644	638	638	644	638	0
644	643	644	644	638	638	644	638	0
644	643	644	644	638	638	644	638	0
644	643	644	644	638	638	644	638	0
644	643	644	644	638	638	644	638	0
644	643	644	644	638	638	644	638	0
644	643	644	644	638	638	644	638	0
644	643	644	644	638	638	644	638	0
644	643	644	644	638	638	644	638	0
644	643	644	644	638	638	644	638	0
644	643	644	644	638	638	644	638	0
644	643	644	644	638	638	644	638	0
644	643	644	644	638	638	644	638	0
644	643	644	644	638	638	644	638	0
644	643	644	644	638	638	644	638	0
644	643	644	644	638	638	644	638	0
644	643	644	644	638	638	644	638	0
644	643	644	644	638	638	644	638	0
644	643	644	644	638	638	644	638	0
644	643	644	644	638	638	644	638	0
644	643	644	644	638	638	644	638	0
644	643	644	644	638	638	644	638	0
644	643	644	644	638	638	644	638	0
644	643	644	644	638	638	644	638	0
644	643	644	644	638	638	644	638	0
644	643	644	644	638	638	644	638	0
644	643	644	644	638	638	644	638	0
644	643	644	644	638	638	644	638	0
644	643	644	644	638	638	644	638	0
644	643	644	644	638	638	644	638	0
644	643	644	644	638	638	644	638	0
644	643	644	644	638	638	644	638	0
644	643	644	644	638	638	644	638	0
644	643	644	644	638	638	644	638	0
644	643	644	644	638	638	644	638	0
644	643	644	644	638	638	644	638	0
644	643	644	644	638	638	644	638	0
644	643	644	644	638	638	644	638	0
644	643	644	644	638	638	644	638	0
644	643	644	644	638	638	644	638	0
644	643	644	644	638	638	644	638	0
644	643	644	644	638	638	644	638	0
644	643	644	644	638	638	644	638	0
644	643	644	644	638	638	644	638	0
644	643	644	644	638	638	644	638	0
644	643	644	644	638	638	644	638	0
644	643	644	644	638	638	644	638	0
644	643	644	644	638	638	644	638	0
644	643	644	644	638	638	644	638	0
644	643	644	644	638	638	644	638	0
644	643	644	644	638	638	644	638	0
644	643	644	644	638	638	644	638	0
644	643	644	644	638	638	644	638	0
644	643	644	644	638	638	644	638	0
644	643	644	644	638	638	644	638	0
644	643	644	644	638	638	644	638	0
644	643	644	644	638	638	644	638	0
644	643	644	644	638	638	644	638	0
644	643	644	644	638	638	644	638	0
644	643	644	644	638	638	644	638	0
644	643	644	644	638	638	644	638	0
644	643	644	644	638	638	644	638	0
644	643	644	644	638	638	644	638	0
644	643	644	644	638	638	644	638	0
644	643	644	644	638	638	644	638	0
644	643	644	644	638	638	644	638	0
644	643	644	644	638	638	644	638	0
644	643	644	644	638	638	644	638	0
644	643	644	644	638	638	644	638	0
644	643	644	644	638	638	644	638	0
644	643	644	644	638	638	644	638	0
644	643	644	644	638	638	644	638	0
644	643	644	644	638	638	644	638	0
644	643	644	644	638	638	644	638	0
644	643	644	644	638	638	644	638	0
644	643	644	644	638	638	644	638	0
644	643	644	644	638	638	644	638	0
644	643	644	644	638	638	644	638	0
644	643	644	644	638	638	644	638	0
644	643	644	644	638	638	644	638	0
644	643	644	644	638	638	644	638	0
644	643	644	644	638	638	644	638	0
644	643	644	644	638	638	644	638	0
644	643	644	644	638	638	644	638	0
644	643	644	644	638	638	644	638	0
644	643	644	644	638	638	644	638	0
644	643	644	644	638	638	644	638	0
644	643	644	644	638	638	644	638	0
644	643	644	644	638	638	644	638	0
644	643	644	644	638	638	644	638	0
644	643	644	644	638	638	644	638	0
644	643	644	644	638	638	644	638	0
644	643	644	644	638	638	644	638	0
644	643	644	644	638	638	644	638	0
644	643	644	644	638	638	644	638	0
644	643	644	644	638	638	644	638	0
644	643	644	644	638	638	644	638	0
644	643	644	644	638	638	644	638	0
644	643	644	644	638	638	644	638	0
644	643	644	644	638	638	644	638	0
644	643	644	644	638	638	644	638	0
644	643	644	644	638	638	644	638	0
644	643	644	644	638	638	644	638	0
644	643	644	644	638	638	644	638	0
644	643	644	644	638	638	644	638	0
644	643	644	644	638	638	644	638	0
644	643	644	644	638	638	644	638	0
644	643	644	644	638	638	644	638	0
644	643	644	644	638	638	644	638	0
644	643	644	644	638	638	644	638	0
644	643	644	644	638	638	644	638	0
644	643	644	644	638	638	644	638	0
644	643	644	644	638	638	644	638	0
644	643	644	644	638	638	644	638	0
644	643	644	644	638	638	644	638	0
644	643	644	644	638	638	644	638	0
644	643	644	644	638	638	644	638	0
644	643	644	644	638	638	644	638	0
644	643	644	644	638	638	644	638	0
644	643	644	644	638	638	644	638	0
644	643	644	644	638	638	644	638	0
644	643	644	644	638	638	644	638	0
644	643	644	644	638	638	644	638	0
644	643	644	644	638	638	644	638	0
644	643	644	644	638	638	644	638	0
644	643	644	644	638	638	644	638	0
644	643	644	644	638	638	644	638	0
644	643	644	644	638	638	644	638	0
644	643	644	644	638	638	644	638	0
644	643	644	644	638	638	644	638	0
644	643	644	644	638	638	644	638	0
644	643	644	644	638	638	644	638	0
644	643	644	644	638	638	644	638	0
644	643	644	644	638	638	644	638	0
644	643	644	644	638	638	644	638	0
644	643	644	644	638	638	644	638	0
644	643	644	644	638	638	644	638	0
644	643	644	644	638	638	644	638	0
644	643	644	644	638	638	644	638	0
644	643	644	644	638	638	644	638	0
644	643	644	644	638	638	644	638	0
644	643	644	644	638	638	644	638	0
644	643	644	644	638	638	644	638	0
644	643	644	644	638	638	644	638	0
644	643	644	644	638	638	644	638	0
644	643	644	644	638	638	644	638	0
644	643	644	644	638	638	644	638	0
644	643	644	644	638	638	644	638	0
644	643	644	644	638	638	644	638	0
644	643	644	644	638	638	644	638	0
644	643	644	644	638	638	644	638	0
644	643	644	644	638	638	644	638	0
644	643	644	644	638	638	644	638	0
644	643	644	644	638	638	644	638	0
644	643	644	644	638	638	644	638	0
644	643	644	644	638	638	644	638	0
644	643	644	644	638	638	644	638	0
644	643	644	644	638	638	644	638	0
644	643	644	644	638	638	644	638	0
644	643	644	644	638	638	644	638	0
644	643	644	644	638	638	644	638	0
644	643	644	644	638	638	644	638	0
644	643	644	644	638	638	644	638	0
644	643	644	644	638	638	644	638	0
644	643	644	644	638	638	644	638	0
644	643	644	644	638	638	644	638	0
644	643	644	644	638	638	644	638	0
644	643	644	644	638	638	644	638	0
644	643	644	644	638	638	644	638	0
644	643	644	644	638	638	644	638	0
644	643	644	644	638	638	644	638	0
644	643	644	644	638	638	644	638	0
644	643	644	644	638	638	644	638	0
644	643	644	644	638	638	644	638	0
644	643	644	644	638	638	644	638	0
644	643	644	644	638	638	644	638	0
644	643	644	644	638	638	644	638	0
644	643	644	644	638	638	644	638	0
644	643	644	644	638	638	644	638	0
644	643	644	644	638	638	644	638	0
644	643	644	644	638	638	644	638	0
644	643	644	644	638	638	644	638	0
644	643	644	644	638	638	644	638	0
644	643	644	644	638	638	644	638	0
644	643	644	644	638	638	644	638	0
644	643	644	644	638	638	644	638	0
644	643	644	644	638	638	644	638	0
644	643	644	644	638	638	644	638	0
644	643	644	644	638	638	644	638	0
644	643	644	644	638	638	644	638	0
644	643	644	644	638	638	644	638	0
644	643	644	644	638	638	644	638	0
644	643	644	644	638	638	644	638	0
644	643	644	644	638	638	644	638	0
644	643	644	644	638	638	644	638	0
644	643	644	644	638	638	644	638	0
644	643	644	644	638	638	644	638	0
644	643	644	644	638	638	644	638	0
644	643	644	644	638	638	644	638	0
644	643	644	644	638	638	644	638	0
644	643	644	644	638	638	644	638	0
644	643	644	644	638	638	644	638	0
644	643	644	644	638	638	644	638	0
644	643	644	644	638	638	644	638	0
644	643	644	644	638	638	644	638	0
644	643	644	644	638	638	644	638	0
644	643	644	644	638	638	644	638	0
644	643	644	644	638	638	644	638	0
644	643	644	644	638	638	644	638	0
644	643	644	644	638	638	644	638	0
644	643	644	644	638	638	644	638	0
644	643	644	644	638	638	644	638	0
644	643	644	644	638	638	644	638	0
644	643	644	644	638	638	644	638	0
644	643	644	644	638	638	644	638	0
644	643	644	644	638	638	644	638	0
644	643	644	644	638	638	644	638	0
644	643	644	644	638	638	644	638	0
644	643	644	644	638	638	644	638	0
644	643	644	644	638	638	644	638	0
644	643	644	644	638	638	644	638	0
644	643	644	644	638	638	644	638	0
644	643	644	644	638	638	644	638	0
644	643	644	644	638	638	644	638	0
644	643	644	644	638	638	644	638	0
644	643	644	644	638	638	644	638	0
644	643	644	644	638	638	644	638	0
644	643	644	644	638	638	644	638	0
644	643	644	644	638	638	644	638	0
644	643	644	644	638	638	644	638	0
644	643	644	644	638	638	644	638	0
644	643	644	644	638	638	644	638	0
644	643	644	644	638	638	644	638	0
644	643	644	644	638	638	644	638	0
644	643	644	644	638	638	644	638	0
644	643	644	644	638	638	644	638	0
644	643	644	644	638	638	644	638	0
644	643	644	644	638	638	644	638	0
644	643	644	644	638	638	644	638	0
644	643	644	644	638	638	644	638	0
644	643	644	644	638	638	644	638	0
644	643	644	644	638	638	644	638	0
644	643	644	644	638	638	644	638	0
644	643	644	644	638	638	644	638	0
644	643	644	644	638	638	644	638	0
644	643	644	644	638	638	644	638	0
644	643	644	644	638	638	644	638	0
644	643	644	644	638	638	644	638	0
644	643	644	644	638	638	644	638	0
644	643	644	644	638	638	644	638	0
644	643	644	644	638	638	644	638	0
644	643	644	644	638	638	644	638	0
644	643	644	644	638	638	644	638	0
644	643	644	644	638	638	644	638	0
644	643	644	644	638	638	644	638	0
644	643	644	644	638	638	644	638	0
644	643	644	644	638	638	644	638	0
644	643	644	644	638	638	644	638	0
644	643	644	644	638	638	644	638	0
644	643	644	644	638	638	644	638	0
644	643	644	644	638	638	644	638	0
644	643	644	644	638	638	644	638	0
644	643	644	644	638	638	644	638	0
644	643	644	644	638	638	644	638	0
644	643	644	644	638	638	644	638	0
644	643	644	644	638	638	644	638	0
644	643	644	644	638	638	644	638	0
644	643	644	644	638	638	644	638	0
644	643	644	644	638	638	644	638	0
644	643	644	644	638	638	644	638	0
644	643	644	644	638	638	644	638	0
644	643	644	644	638	638	644	638	0
644	643	644	644	638	638	644	638	0
644	643	644	644	638	638	644	638	0
644	643	644	644	638	638	644	638	0
644	643	644	644	638	638	644	638	0
644	643	644	644	638	638	644	638	0
644	643	644	644	638	638	644	638	0
644	643	644	644	638	638	644	638	0
644	643	644	644	638	638	644	638	0
644	643	644	644	638	638	644	638	0
644	643	644	644	638	638	644	638	0
644	643	644	644	638	638	644	638	0
644	643	644	644	638	638	644	638	0
644	643	644	644	638	638	644	638	0
644	643	644	644	638	638	644	638	0
644	643	644	644	638	638	644	638	0
644	643	644	644	638	638	644	638	0
644	643	644	644	638	638	644	638	0
644	643	644	644	638	638	644	638	0
644	643	644	644	638	638	644	638	0
644	643	644	644	638	638	644	638	0
644	643	644	644	638	638	644	638	0
644	643	644	644	638	638	644	638	0
644	643	644	644	638	638	644	638	0
644	643	644	644	638	638	644	638	0
644	643	644	644	638	638	644	638	0
644	643	644	644	638	638	644	638	0
644	643	644	644	638	638	644	638	0
644	643	644	644	638	638	644	638	0
644	643	644	644	638	638	644	638	0
644	643	644	644	638	638	644	638	0
644	643	644	644	638	638	644	638	0
644	643	644	644	638	638	644	638	0
644	643	644	644	638	638	644	638	0
644	643	644	644	638	638	644	638	0
644	643	644	644	638	638	644	638	0
644	643	644	644	638	638	644	638	0
644	643	644	644	638	638	644	638	0
644	643	644	644	638	638	644	638	0
644	643	644	644	638	638	644	638	0
644	643	644	644	638	638	644	638	0
644	643	644	644	638	638	644	638	0
644	643	644	644	638	638	644	638	0
644	643	644	644	638	638	644	638	0
644	643	644	644	638	638	644	638	0
644	643	644	644	638	638	644	638	0
644	643	644	644	638	638	644	638	0
644	643	644	644	638	638	644	638	0
644	643	644	644	638	638	644	638	0
644	643	644	644	638	638	644	638	0
644	643	644	644	638	638	644	638	0
644	643	644	644	638	638	644	638	0
644	643	644	644	638	638	644	638	0
644	643	644	644	638	638	644	638	0
644	643	644	644	638	638	644	638	0
644	643	644	644	638	638	644	638	0
644	643	644	644	638	638	644	638	0
644	643	644	644	638	638	644	638	0
644	643	644	644	638	638	644	638	0
644	643	644	644	638	638	644	638	0
644	643	644	644	638	638	644	638	0
644	643	644	644	638	638	644	638	0
644	643	644	644	638	638	644	638	0
644	643	644	644	638	638	644	638	0
644	643	644	644	638	638	644	638	0
644	643	644	644	638	638	644	638	0
644	643	644	644	638	638	644	638	0
644	643	644	644	638	638	644	638	0
644	643	644	644	638	638	644	638	0
644	643	644	644	638	638	644	638	0
644	643	644	644	638	638	644	638	0
644	643	644	644	638	638	644	638	0
644	643	644	644	638	638	644	638	0
644	643	644	644	638	638	644	638	0
644	643	644	644	638	638	644	638	0
644	643	644	644	638	638	644	638	0
644	643	644	644	638	638	644	638	0
644	643	644	644	638	638	644	638	0
644	643	644	644	638	638	644	638	0
644	643	644	644	638	638	644	638	0
644	643	644	644	638	638	644	638	0
644	643	644	644	638	638	644	638	0
644	643	644	644	638	638	644	638	0
644	643	644	644	638	638	644	638	0
644	643	644	644	638	638	644	638	0
644	643	644	644	638	638	644	638	0
644	643	644	644	638	638	644	638	0
644	643	644	644	638	638	644	638	0
644	643	644	644	638	638	644	638	0
644	643	644	644	638	638	644	638	0
644	643	644	644	638	638	644	638	0
644	643	644	644	638	638	644	638	0
644	643	644	644	638	638	644	638	0
644	643	644	644	638	638	644	638	0
644	643	644	644	638	638	644	638	0
644	643	644	644	638	638	644	638	0
644	643	644	644	638	638	644	638	0
644	643	644	644	638	638	644	638	0
644	643	644	644	638	638	644	638	0
644	643	644	644	638	638	644	638	0
644	643	644	644	638	638	644	638	0
644	643	644	644	638	638	644	638	0
644	643	644	644	638	638	644	638	0
644	643	644	644	638	638	644	638	0
644	643	644	644	638	638	644	638	0
644	643	644	644	637	638	644	638	0
644	643	644	644	595	638	644	638	0
644	643	644	644	355	638	644	638	0
644	643	644	644	410	638	644	638	0
644	643	644	644	673	638	644	638	0
644	643	644	644	160	638	644	638	0
644	643	644	644	903	638	644	638	0
644	643	644	644	4678	638	644	638	0
644	643	644	644	7974	638	644	638	0
644	643	644	644	8154	638	644	638	0
644	643	644	644	7710	638	644	638	0
644	643	644	644	8046	638	644	638	0
644	643	644	644	7992	638	644	638	0
644	643	644	644	7770	638	644	638	0
644	643	644	644	7757	638	644	638	0
644	643	644	644	7756	638	644	638	0
644	643	644	644	7757	638	644	638	0
644	643	644	644	7757	638	644	638	0
644	643	644	644	7757	638	644	638	0
644	643	644	644	7757	638	644	638	0
644	643	644	644	7757	638	644	638	0
644	643	644	644	7757	638	644	638	0
644	643	644	644	7757	638	644	638	0
644	643	644	644	7757	638	644	638	0
644	643	644	644	7757	638	644	638	0
644	643	644	644	7757	638	644	638	0
644	643	644	644	7757	638	644	638	0
644	643	644	644	7757	638	644	638	0
644	643	644	644	7757	638	644	638	0
644	643	644	644	7757	638	644	638	0
644	643	644	644	7757	638	644	638	0
644	643	644	644	7757	638	644	638	0
644	643	644	644	7757	638	644	638	0
644	643	644	644	7757	638	644	638	0
644	643	644	644	7757	638	644	638	0
644	643	644	644	7757	638	644	638	0
644	643	644	644	7757	638	644	638	0
644	643	644	644	7757	638	644	638	0
644	643	644	644	7757	638	644	638	0
644	643	644	644	7757	638	644	638	0
644	643	644	644	7757	638	644	638	0
644	643	644	644	7757	638	644	638	0
644	643	644	644	7757	638	644	638	0
644	643	644	644	7757	638	644	638	0
644	643	644	644	7757	638	644	638	0
644	643	644	644	7757	638	644	638	0
644	643	644	644	7757	638	644	638	0
644	643	644	644	7757	638	644	638	0
644	643	644	644	7757	638	644	638	0
644	643	644	644	7757	638	644	638	0
644	643	644	644	7757	638	644	638	0
644	643	644	644	7757	638	644	638	0
644	643	644	644	7757	638	644	638	0
644	643	644	644	7757	638	644	638	0
644	643	644	644	7757	638	644	638	0
644	643	644	644	7757	638	644	638	0
644	643	644	644	7757	638	644	638	0
644	643	644	644	7757	638	644	638	0
644	643	644	644	7757	637	644	638	0
644	643	644	644	7757	637	644	638	0
644	643	644	644	7757	638	644	638	0
644	643	644	644	7757	637	644	638	0
644	643	644	644	7757	637	644	638	0
644	643	644	644	7757	644	644	638	0
644	643	644	644	7757	649	644	638	0
644	643	644	644	7757	647	644	638	0
644	643	644	644	7757	645	644	638	0
644	643	644	644	7757	647	644	638	0
644	643	644	644	7757	647	644	638	0
644	643	644	644	7757	646	644	638	0
644	643	644	644	7757	648	644	638	0
644	643	644	644	7757	648	644	638	0
644	643	644	644	7757	645	644	638	0
644	643	644	644	7757	647	644	638	0
644	643	644	644	7757	646	643	638	0
644	643	644	644	7757	646	644	638	0
644	643	644	644	7757	655	648	638	0
644	643	644	644	7757	652	645	638	0
644	643	644	644	7757	654	648	638	0
644	643	644	644	7757	661	649	638	0
644	643	644	644	7757	657	646	638	0
644	643	644	644	7757	670	654	638	0
644	643	644	644	7757	671	654	638	0
644	643	644	644	7757	668	652	638	0
644	643	644	644	7757	681	659	638	0
644	643	644	644	7757	675	659	638	0
644	643	644	644	7757	674	659	638	0
644	643	644	644	7757	680	656	638	0
644	643	644	644	7757	678	657	638	0
644	643	644	644	7757	680	664	638	0
644	643	644	644	7757	679	662	638	0
644	643	644	644	7757	683	662	638	0
644	643	644	644	7757	683	664	638	0
644	643	644	644	7757	681	665	638	0
644	643	644	644	7757	693	670	638	0
644	643	644	644	7757	694	669	638	0
644	643	644	644	7757	690	667	638	0
644	643	644	644	7757	696	669	638	0
644	643	644	644	7757	696	669	638	0
644	643	644	644	7757	700	675	638	0
644	643	644	644	7757	696	671	638	0
644	643	644	644	7757	700	675	638	0
644	643	644	644	7757	718	688	638	0
644	643	644	644	7757	718	684	638	0
644	643	644	644	7757	710	683	638	0
644	643	644	644	7757	711	686	638	0
644	643	644	644	7757	713	683	638	0
644	643	644	644	7757	710	684	638	0
644	643	644	644	7757	705	684	638	0
644	643	644	644	7757	713	686	638	0
644	643	644	644	7757	719	686	638	0
644	643	644	644	7757	716	687	638	0
644	643	644	644	7757	718	690	638	0
644	643	644	644	7757	718	687	638	0
644	643	644	644	7757	721	690	638	0
644	643	644	644	7757	725	691	638	0
644	643	644	644	7757	722	692	638	0
644	643	644	644	7757	732	706	638	0
644	643	644	644	7757	735	705	638	0
644	643	644	644	7757	732	702	638	0
644	643	644	644	7757	739	713	638	0
644	643	644	644	7757	738	712	638	0
644	643	644	644	7757	741	715	638	0
644	643	644	644	7757	744	718	638	0
644	643	644	644	7757	743	717	638	0
644	643	644	644	7757	745	721	638	0
644	643	644	644	7757	745	718	638	0
644	643	644	644	7757	751	722	638	0
644	643	644	644	7757	749	725	638	0
644	643	644	644	7757	749	725	638	0
644	643	644	644	7757	757	734	638	0
644	643	644	644	7757	757	733	638	0
644	643	644	644	7757	759	732	638	0
644	643	644	644	7757	759	734	638	0
644	643	644	644	7757	758	733	638	0
644	643	644	644	7757	764	738	638	0
644	643	644	644	7757	760	737	638	0
644	643	644	644	7757	764	741	638	0
644	643	644	644	7757	769	744	638	0
644	643	644	644	7757	767	744	638	0
644	643	644	644	7757	771	751	638	0
644	643	644	644	7757	771	747	638	0
644	643	644	644	7757	772	748	638	0
644	643	644	644	7757	774	754	638	0
644	643	644	644	7757	773	751	638	0
644	643	644	644	7757	781	755	638	0
644	643	644	644	7757	782	757	638	0
644	643	644	644	7757	783	758	638	0
644	643	644	644	7757	787	764	638	0
644	643	644	644	7757	784	761	638	0
644	643	644	644	7757	794	768	638	0
644	643	644	644	7757	798	774	638	0
644	643	644	644	7757	793	771	638	0
644	643	644	644	7757	799	775	638	0
644	643	644	644	7757	800	775	638	0
644	643	644	644	7757	804	781	638	0
644	643	644	644	7757	806	783	638	0
644	643	644	644	7757	807	786	638	0
644	643	644	644	7757	823	804	638	0
644	643	644	644	7757	822	800	638	0
644	643	644	644	7757	818	797	638	0
644	643	644	644	7757	827	806	638	0
644	643	644	644	7757	828	803	638	0
644	643	644	644	7757	835	812	638	0
644	643	644	644	7757	830	808	638	0
644	643	644	644	7757	843	816	638	0
644	643	644	644	7757	876	850	638	0
644	643	644	644	7757	863	841	638	0
644	643	644	644	7757	858	831	638	0
644	643	644	644	7757	874	846	638	0
644	643	644	644	7757	865	842	638	0
644	643	644	644	7757	866	842	638	0
644	643	644	644	7757	869	844	638	0
644	643	644	644	7757	868	843	638	0
644	643	644	644	7757	887	858	638	0
644	643	644	644	7757	875	845	638	0
644	643	644	644	7757	866	837	638	0
644	643	644	644	7757	883	855	638	0
644	643	644	644	7757	844	821	638	0
644	643	644	644	7757	840	814	638	0
644	643	644	644	7757	849	825	638	0
644	643	644	644	7757	824	804	638	0
644	643	644	644	7757	844	817	638	0
644	643	644	644	7757	838	808	638	0
644	643	644	644	7757	823	797	638	0
644	643	644	644	7757	834	811	638	0
644	643	644	644	7757	836	813	638	0
644	643	644	644	7757	842	816	638	0
644	643	644	644	7757	842	816	638	0
644	643	644	644	7757	849	826	638	0
644	643	644	644	7757	851	829	638	0
644	643	644	644	7757	850	828	638	0
644	643	644	644	7757	856	835	638	0
644	643	644	644	7757	854	834	638	0
644	643	644	644	7757	844	828	638	0
644	643	644	644	7757	842	825	638	0
644	643	644	644	7757	854	837	638	0
644	643	644	644	7757	855	840	638	0
644	643	644	644	7757	853	832	638	0
644	643	644	644	7757	860	841	638	0
644	643	644	644	7757	858	844	638	0
644	643	644	644	7757	857	841	638	0
644	643	644	644	7757	858	842	638	0
644	643	644	644	7757	856	841	638	0
644	643	644	644	7757	856	841	638	0
644	643	644	644	7757	855	840	638	0
644	643	644	644	7757	852	836	638	0
644	643	644	644	7757	848	830	638	0
644	643	644	644	7757	852	835	638	0
644	643	644	644	7757	846	829	638	0
644	643	644	644	7757	836	816	638	0
644	643	644	644	7757	841	819	638	0
644	643	644	644	7757	829	807	638	0
644	643	644	644	7757	826	804	638	0
644	643	644	644	7757	832	813	638	0
644	643	644	644	7757	819	803	638	0
644	643	644	644	7757	828	808	638	0
644	643	644	644	7757	840	820	638	0
644	643	644	644	7757	832	815	638	0
644	643	644	644	7757	838	820	638	0
644	643	644	644	7757	853	835	638	0
644	643	644	644	7757	847	832	638	0
644	643	644	644	7757	822	809	638	0
644	643	644	644	7757	826	812	638	0
644	643	644	644	7757	808	791	638	0
644	643	644	644	7757	753	737	638	0
644	643	644	644	7757	760	747	638	0
644	643	644	644	7757	772	758	638	0
644	643	644	644	7757	753	739	638	0
644	643	644	644	7757	769	757	638	0
644	643	644	644	7757	782	770	638	0
644	643	644	644	7757	773	757	638	0
644	643	644	644	7757	815	800	637	0
644	643	644	644	7757	840	829	637	0
644	643	644	644	7757	836	826	638	0
644	643	644	644	7757	891	876	636	0
644	643	644	644	7757	895	883	638	0
644	643	644	644	7757	879	868	645	0
644	643	644	644	7757	902	886	645	0
644	643	644	644	7757	894	879	643	0
644	643	644	644	7757	889	877	647	0
644	643	644	644	7757	895	880	647	0
644	643	644	644	7757	885	868	644	0
644	643	644	644	7757	874	860	646	0
644	643	644	644	7757	878	865	649	0
644	643	644	644	7757	877	860	647	0
644	643	644	644	7757	870	850	645	0
644	643	644	644	7757	873	854	646	0
644	643	644	644	7757	873	853	646	0
644	643	644	644	7757	874	853	644	0
644	643	644	644	7757	875	856	646	0
644	643	644	644	7757	874	856	647	0
644	643	644	644	7757	877	858	645	0
644	643	644	644	7757	873	851	645	0
644	643	644	644	7757	871	847	647	0
644	643	644	644	7757	877	853	647	0
644	643	644	644	7757	874	854	647	0
644	643	644	644	7757	878	855	651	0
644	643	644	644	7757	885	860	652	0
644	643	644	644	7757	882	861	647	0
644	643	644	644	7757	884	863	652	0
644	643	644	644	7757	884	860	654	0
644	643	644	644	7757	883	862	650	0
644	643	644	644	7757	879	860	653	0
644	643	644	644	7757	874	856	655	0
644	643	644	644	7757	876	858	653	0
644	643	644	644	7757	872	853	652	0
644	643	644	644	7757	874	853	654	0
644	643	644	644	7757	871	851	658	0
644	643	644	644	7757	867	849	656	0
644	643	644	644	7757	870	851	653	0
644	643	644	644	7757	862	843	652	0
644	643	644	644	7757	864	843	656	0
644	643	644	644	7757	866	845	660	0
644	643	644	644	7757	860	841	655	0
644	643	644	644	7757	862	841	653	0
644	643	644	644	7757	858	835	656	0
644	643	644	644	7757	858	835	657	0
644	643	644	644	7757	860	839	657	0
644	643	644	644	7757	854	836	657	0
644	643	644	644	7757	859	839	658	0
644	643	644	644	7757	854	833	657	0
644	643	644	644	7757	849	831	656	0
644	643	644	644	7757	848	829	651	0
644	643	644	644	7757	849	829	654	0
644	643	644	644	7757	872	857	675	0
644	643	644	644	7757	828	813	644	0
644	643	644	644	7757	840	824	649	0
644	643	644	644	7757	908	917	676	0
644	643	644	644	7757	985	1001	743	0
644	643	644	644	7757	1090	1087	876	0
644	643	644	644	7757	483	478	303	0
644	643	644	644	7757	1053	1048	816	0
644	643	644	644	7757	3005	3012	2754	0
644	643	644	644	7757	2786	2813	2701	0
644	643	644	644	7757	2089	2095	2031	0
644	643	644	644	7757	2444	2436	2274	0
644	643	644	644	7757	2614	2608	2401	0
644	643	644	644	7757	2849	2851	2704	0
644	643	644	644	7757	2709	2709	2677	0
644	643	644	644	7757	2885	2842	2811	0
644	643	644	644	7757	3363	3336	3248	0
644	643	644	644	7757	3313	3322	3237	0
644	643	644	644	7757	3070	3026	3042	0
644	643	644	644	7757	2744	2674	2676	0
644	643	644	644	7757	3066	3028	2922	0
644	643	644	644	7757	3669	3607	3596	0
644	643	644	644	7757	3135	3070	3133	0
644	643	644	644	7757	3303	3311	3304	0
644	643	644	644	7757	4942	4948	4973	0
644	643	644	644	7757	4643	4622	4649	0
644	643	644	644	7757	3681	3660	3644	0
644	643	644	644	7757	5796	5742	5775	0
644	643	644	644	7757	7131	7080	7156	0
644	643	644	644	7757	6345	6316	6382	0
644	643	644	644	7757	6608	6580	6641	0
644	643	644	644	7757	6899	6870	6939	0
644	643	644	644	7757	6740	6707	6828	0
644	643	644	644	7757	6649	6620	6764	0
644	643	644	644	7757	6767	6727	6856	0
644	643	644	644	7757	7251	7193	7315	0
644	643	644	644	7757	7233	7176	7304	0
644	643	644	644	7757	7050	7008	7155	0
644	643	644	644	7757	7039	7007	7150	0
644	643	644	644	7757	7166	7122	7258	0
644	643	644	644	7757	7436	7373	7516	0
644	643	644	644	7757	7436	7374	7513	0
644	643	644	644	7757	7280	7242	7382	0
644	643	644	644	7757	7088	7058	7243	0
644	643	644	644	7757	7310	7276	7414	0
644	643	644	644	7757	7758	7741	7764	0
644	643	644	644	7757	7684	7669	7708	0
644	643	644	644	7757	7658	7640	7695	0
644	643	644	644	7757	7816	7805	7815	0
644	643	644	644	7757	7758	7749	7758	0
644	643	644	644	7757	7740	7730	7748	0
644	643	644	644	7757	7748	7734	7758	0
644	643	644	644	7757	7755	7750	7753	0
644	643	644	644	7757	7770	7775	7763	0
644	643	644	644	7757	7754	7754	7757	0
644	643	644	644	7757	7755	7755	7755	0
644	643	644	644	7757	7761	7763	7758	0
644	643	644	644	7757	7755	7756	7757	0
644	643	644	644	7757	7756	7758	7758	0
644	643	644	644	7757	7758	7758	7758	0
644	643	644	644	7757	7758	7757	7757	0
644	643	644	644	7757	7757	7757	7757	0
644	643	644	644	7757	7756	7757	7757	0
644	643	644	644	7757	7757	7757	7757	0
644	643	644	644	7757	7757	7757	7757	0
644	643	644	644	7757	7757	7757	7757	0
644	643	644	644	7757	7757	7757	7757	0
644	643	644	644	7757	7757	7757	7757	0
644	643	644	644	7757	7757	7757	7757	0
644	643	644	644	7757	7757	7757	7757	0
644	643	644	644	7757	7757	7757	7757	0
644	643	644	644	7757	7757	7757	7757	0
644	643	644	644	7757	7757	7757	7757	0
644	643	644	644	7757	7757	7757	7757	0
644	643	644	644	7757	7757	7757	7757	0
644	643	644	644	7757	7757	7757	7757	0
644	643	644	644	7757	7757	7757	7757	0
644	643	644	644	7757	7757	7757	7757	0
644	643	644	644	7757	7757	7757	7757	0
644	643	644	644	7757	7757	7757	7757	0
644	643	644	644	7757	7757	7757	7757	0
644	643	644	644	7757	7757	7757	7757	0
644	643	644	644	7757	7757	7757	7757	0
644	643	644	644	7757	7757	7757	7757	0
644	643	644	644	7757	7757	7757	7757	0
644	643	644	644	7757	7757	7757	7757	0
644	643	644	644	7757	7757	7757	7757	0
644	643	644	644	7757	7757	7757	7757	0
644	643	644	644	7757	7757	7757	7757	0
644	643	643	644	7757	7757	7757	7757	0
644	643	642	644	7757	7757	7757	7757	0
644	643	643	644	7757	7757	7757	7757	0
644	643	648	644	7757	7757	7757	7757	0
644	643	638	644	7757	7757	7757	7757	0
644	643	645	644	7757	7757	7757	7757	0
644	643	667	644	7757	7757	7757	7757	0
644	643	669	644	7757	7757	7757	7757	0
644	643	656	644	7757	7757	7757	7757	0
644	643	592	644	7757	7757	7757	7757	0
644	643	671	644	7757	7757	7757	7757	0
644	643	836	644	7757	7757	7757	7757	0
644	643	785	644	7757	7757	7757	7757	0
644	643	769	644	7757	7757	7757	7757	0
644	643	738	644	7757	7757	7757	7757	0
644	643	808	644	7757	7757	7757	7757	0
644	643	1051	644	7757	7757	7757	7757	0
644	643	938	644	7757	7757	7757	7757	0
644	643	1087	644	7757	7757	7757	7757	0
644	643	1478	644	7757	7757	7757	7757	0
644	643	1456	644	7757	7757	7757	7757	0
644	643	1359	644	7757	7757	7757	7757	0
644	643	1084	644	7757	7757	7757	7757	0
644	643	1418	644	7757	7757	7757	7757	0
644	643	2222	644	7757	7757	7757	7757	0
644	643	2104	644	7757	7757	7757	7757	0
644	643	1872	644	7757	7757	7757	7757	0
644	643	1935	644	7757	7757	7757	7757	0
644	643	2124	644	7757	7757	7757	7757	0
644	643	2403	644	7757	7757	7757	7757	0
644	643	2157	644	7757	7757	7757	7757	0
644	643	2374	644	7757	7757	7757	7757	0
644	643	2888	644	7757	7757	7757	7757	0
644	643	2781	644	7757	7757	7757	7757	0
644	643	2816	644	7757	7757	7757	7757	0
644	643	2868	644	7757	7757	7757	7757	0
644	643	2981	644	7757	7757	7757	7757	0
644	643	3070	644	7757	7757	7757	7757	0
644	643	2848	644	7757	7757	7757	7757	0
644	643	3509	644	7757	7757	7757	7757	0
644	643	4077	644	7757	7757	7757	7757	0
644	643	3729	644	7757	7757	7757	7757	0
644	643	3444	644	7757	7757	7757	7757	0
644	643	3441	644	7757	7757	7757	7757	0
644	643	3987	644	7757	7757	7757	7757	0
644	643	4475	644	7757	7757	7757	7757	0
644	643	4226	644	7757	7757	7757	7757	0
644	643	4109	644	7757	7757	7757	7757	0
644	643	4721	644	7757	7757	7757	7757	0
644	643	4961	644	7757	7757	7757	7757	0
644	643	4691	644	7757	7757	7757	7757	0
644	643	4647	644	7757	7757	7757	7757	0
644	643	4634	644	7757	7757	7757	7757	0
644	643	5241	644	7757	7757	7757	7757	0
644	643	5798	644	7757	7757	7757	7757	0
644	643	5478	644	7757	7757	7757	7757	0
644	643	5238	644	7757	7757	7757	7757	0
644	643	5172	644	7757	7757	7757	7757	0
644	643	5546	644	7757	7757	7757	7757	0
644	643	5929	644	7757	7757	7757	7757	0
644	643	5838	644	7757	7757	7757	7757	0
644	643	5763	644	7757	7757	7757	7757	0
644	643	5619	644	7757	7757	7757	7757	0
644	643	5832	644	7757	7757	7757	7757	0
644	643	6210	644	7757	7757	7757	7757	0
644	643	6179	644	7757	7757	7757	7757	0
644	643	6181	644	7757	7757	7757	7757	0
644	643	6082	644	7757	7757	7757	7757	0
644	643	6152	644	7757	7757	7757	7757	0
644	643	6398	644	7757	7757	7757	7757	0
644	643	6435	644	7757	7757	7757	7757	0
644	643	6540	644	7757	7757	7757	7757	0
644	643	6428	644	7757	7757	7757	7757	0
644	643	6502	644	7757	7757	7757	7757	0
644	643	6916	644	7757	7757	7757	7757	0
644	643	6954	644	7757	7757	7757	7757	0
644	643	6762	644	7757	7757	7757	7757	0
644	643	6521	644	7757	7757	7757	7757	0
644	643	6806	644	7757	7757	7757	7757	0
644	643	7470	644	7757	7757	7757	7757	0
644	643	7455	644	7757	7757	7757	7757	0
644	643	7035	644	7757	7757	7757	7757	0
644	643	6765	644	7757	7757	7757	7757	0
644	643	7068	644	7757	7757	7757	7757	0
644	643	7671	644	7757	7757	7757	7757	0
644	643	7654	644	7757	7757	7757	7757	0
644	643	7324	644	7757	7757	7757	7757	0
644	643	7156	644	7757	7757	7757	7757	0
644	643	7324	644	7757	7757	7757	7757	0
644	643	7710	644	7757	7757	7757	7757	0
644	643	7712	644	7757	7757	7757	7757	0
