4403	3831	4592	4415	4353	4215	3920	4743	0
4388	3829	4584	4404	4348	4216	3902	4738	0
4378	3829	4582	4401	4341	4215	3897	4731	0
4394	3828	4588	4412	4349	4217	3912	4735	0
4399	3831	4592	4414	4354	4218	3917	4737	0
4393	3832	4592	4411	4354	4218	3915	4732	0
4395	3822	4590	4412	4357	4217	3920	4733	0
4392	3816	4585	4407	4353	4214	3913	4736	0
4390	3828	4584	4399	4346	4213	3907	4734	0
4398	3833	4596	4410	4350	4216	3920	4734	0
4404	3828	4602	4417	4358	4218	3928	4735	0
4398	3829	4590	4404	4356	4215	3917	4734	0
4384	3831	4581	4394	4348	4217	3908	4733	0
4381	3827	4581	4397	4347	4214	3908	4736	0
4393	3828	4585	4401	4352	4207	3908	4736	0
4392	3830	4583	4405	4350	4208	3898	4734	0
4381	3820	4575	4412	4342	4208	3893	4734	0
4390	3814	4577	4407	4346	4206	3904	4734	0
4403	3823	4587	4400	4352	4211	3912	4733	0
4403	3826	4589	4404	4352	4215	3908	4734	0
4395	3822	4583	4407	4353	4213	3907	4734	0
4389	3821	4582	4401	4353	4216	3910	4733	0
4393	3821	4585	4401	4351	4217	3911	4734	0
4397	3818	4583	4407	4348	4212	3908	4733	0
4387	3815	4578	4408	4344	4215	3906	4733	0
4393	3820	4588	4407	4343	4217	3914	4734	0
4412	3827	4602	4410	4349	4216	3925	4733	0
4406	3824	4595	4406	4353	4217	3918	4733	0
4389	3814	4581	4397	4345	4217	3909	4733	0
4392	3816	4582	4404	4340	4214	3911	4733	0
4399	3815	4586	4413	4344	4213	3913	4734	0
4398	3818	4588	4412	4347	4216	3918	4735	0
4400	3829	4594	4414	4346	4217	3928	4735	0
4397	3824	4590	4415	4346	4215	3923	4734	0
4394	3812	4583	4406	4343	4212	3912	4735	0
4399	3813	4590	4401	4342	4212	3915	4735	0
4409	3816	4597	4408	4346	4216	3925	4735	0
4416	3815	4603	4414	4352	4221	3937	4734	0
4421	3818	4607	4415	4353	4219	3940	4733	0
4415	3817	4603	4414	4351	4217	3930	4733	0
4408	3814	4598	4412	4350	4220	3925	4734	0
4407	3815	4598	4407	4344	4217	3923	4734	0
4400	3806	4589	4398	4336	4213	3912	4735	0
4392	3797	4579	4394	4340	4216	3908	4735	0
4399	3800	4584	4397	4349	4218	3916	4734	0
4406	3805	4586	4400	4347	4216	3915	4735	0
4401	3802	4581	4396	4338	4213	3909	4736	0
4395	3800	4581	4397	4337	4213	3909	4735	0
4395	3805	4585	4401	4338	4214	3909	4734	0
4395	3804	4584	4397	4338	4214	3912	4733	0
4402	3805	4584	4398	4344	4217	3914	4734	0
4413	3812	4592	4409	4348	4214	3919	4735	0
4411	3817	4596	4408	4344	4204	3926	4734	0
4404	3812	4587	4397	4341	4208	3925	4734	0
4405	3805	4583	4395	4344	4215	3921	4735	0
4409	3801	4588	4399	4347	4208	3924	4734	0
4410	3807	4587	4398	4342	4209	3929	4733	0
4413	3812	4586	4397	4343	4220	3929	4733	0
4412	3802	4593	4397	4347	4210	3926	4733	0
4412	3803	4592	4401	4344	4197	3922	4733	0
4415	3816	4592	4406	4342	4202	3928	4733	0
4412	3810	4596	4404	4345	4203	3925	4734	0
4414	3798	4592	4402	4346	4200	3914	4732	0
4415	3801	4585	4404	4345	4200	3915	4732	0
4406	3802	4584	4401	4343	4200	3916	4734	0
4405	3798	4585	4395	4345	4201	3910	4734	0
4417	3800	4589	4395	4347	4204	3915	4733	0
4423	3802	4601	4400	4345	4204	3929	4734	0
4422	3802	4604	4404	4344	4203	3931	4735	0
4421	3803	4595	4402	4346	4209	3926	4733	0
4421	3801	4591	4398	4347	4209	3929	4732	0
4426	3803	4598	4407	4348	4201	3937	4735	0
4431	3803	4602	4412	4349	4196	3936	4734	0
4425	3802	4601	4407	4350	4200	3931	4733	0
4426	3809	4604	4408	4350	4201	3936	4743	0
4436	3811	4607	4413	4350	4199	3943	4752	0
4433	3802	4601	4411	4348	4200	3939	4751	0
4426	3798	4598	4408	4342	4200	3932	4750	0
4428	3802	4600	4403	4336	4199	3926	4752	0
4431	3802	4598	4402	4340	4197	3925	4752	0
4428	3801	4598	4407	4348	4197	3937	4750	0
4432	3802	4601	4412	4363	4203	3946	4750	0
4443	3800	4600	4412	4382	4203	3946	4750	0
4445	3801	4601	4413	4388	4191	3943	4750	0
4445	3802	4600	4412	4384	4183	3943	4750	0
4446	3801	4591	4407	4385	4188	3944	4750	0
4428	3800	4584	4406	4384	4194	3934	4750	0
4388	3798	4583	4409	4381	4192	3924	4750	0
4367	3799	4585	4410	4383	4188	3925	4748	0
4374	3802	4586	4411	4383	4194	3930	4748	0
4377	3799	4587	4412	4380	4202	3929	4749	0
4380	3796	4593	4412	4385	4199	3928	4748	0
4388	3797	4600	4409	4392	4196	3930	4747	0
4383	3798	4601	4409	4389	4201	3928	4748	0
4378	3801	4605	4413	4386	4201	3929	4748	0
4388	3798	4609	4410	4392	4196	3934	4748	0
4374	3792	4601	4401	4388	4190	3927	4749	0
4339	3798	4592	4407	4366	4182	3906	4751	0
4348	3803	4604	4415	4360	4186	3911	4750	0
4394	3789	4624	4406	4381	4195	3942	4750	0
4396	3778	4625	4396	4383	4211	3951	4748	0
4368	3783	4614	4400	4365	4241	3950	4752	0
4376	3790	4614	4407	4367	4233	3951	4762	0
4408	3796	4621	4409	4381	4170	3939	4756	0
4406	3800	4610	4407	4378	4138	3923	4747	0
4383	3798	4596	4403	4367	4160	3911	4749	0
4389	3798	4595	4402	4366	4175	3914	4752	0
4415	3800	4604	4407	4378	4177	3934	4749	0
4424	3799	4607	4409	4385	4188	3945	4748	0
4414	3799	4601	4411	4377	4217	3947	4750	0
4409	3799	4598	4412	4374	4246	3956	4752	0
4422	3800	4601	4412	4380	4233	3954	4753	0
4430	3799	4598	4409	4382	4192	3936	4749	0
4418	3798	4586	4410	4385	4179	3929	4748	0
4405	3801	4575	4414	4384	4190	3927	4750	0
4406	3800	4565	4411	4378	4196	3918	4750	0
4405	3790	4556	4403	4382	4200	3911	4748	0
4404	3792	4561	4401	4390	4208	3917	4750	0
4414	3798	4569	4402	4397	4218	3935	4750	0
4423	3793	4570	4398	4406	4229	3943	4752	0
4424	3793	4566	4396	4411	4235	3941	4758	0
4427	3800	4568	4396	4410	4229	3938	4758	0
4441	3800	4578	4400	4416	4216	3932	4760	0
4448	3800	4578	4402	4425	4211	3928	4759	0
4442	3803	4570	4399	4416	4213	3925	4752	0
4445	3802	4580	4403	4410	4220	3929	4752	0
4464	3803	4596	4410	4423	4228	3942	4764	0
4466	3803	4593	4407	4423	4235	3944	4768	0
4450	3800	4582	4402	4405	4240	3931	4762	0
4448	3801	4572	4400	4405	4231	3923	4755	0
4456	3801	4564	4396	4414	4215	3922	4751	0
4462	3801	4568	4400	4410	4216	3927	4752	0
4468	3802	4572	4406	4399	4213	3927	4753	0
4468	3802	4563	4401	4388	4196	3910	4750	0
4470	3798	4564	4400	4383	4202	3910	4750	0
4490	3800	4584	4409	4389	4220	3934	4748	0
4505	3802	4585	4410	4384	4219	3938	4748	0
4489	3788	4561	4399	4360	4222	3920	4752	0
4488	3783	4545	4393	4348	4218	3910	4748	0
4529	3797	4555	4396	4353	4178	3903	4737	0
4560	3806	4565	4401	4350	4148	3896	4740	0
4555	3800	4560	4398	4343	4149	3894	4750	0
4563	3794	4551	4392	4350	4157	3892	4751	0
4590	3793	4552	4389	4357	4162	3893	4745	0
4578	3791	4545	4386	4350	4168	3894	4740	0
4541	3795	4525	4384	4345	4173	3891	4736	0
4506	3797	4511	4385	4348	4181	3890	4733	0
4430	3794	4507	4384	4347	4188	3893	4736	0
4344	3796	4504	4382	4344	4186	3894	4742	0
4334	3799	4505	4383	4348	4187	3895	4741	0
4356	3791	4505	4384	4353	4189	3895	4733	0
4347	3782	4500	4382	4351	4185	3893	4733	0
4351	3784	4502	4380	4354	4187	3897	4738	0
4379	3791	4514	4383	4362	4201	3907	4736	0
4387	3795	4523	4390	4369	4206	3914	4733	0
4383	3794	4522	4394	4366	4202	3911	4738	0
4388	3795	4521	4393	4362	4207	3908	4745	0
4403	3804	4527	4393	4370	4217	3921	4740	0
4402	3802	4528	4389	4373	4216	3932	4731	0
4390	3791	4518	4381	4365	4214	3917	4733	0
4401	3792	4518	4383	4367	4216	3909	4737	0
4417	3801	4525	4392	4374	4215	3922	4735	0
4405	3800	4524	4394	4369	4214	3919	4734	0
4390	3796	4516	4393	4360	4215	3901	4733	0
4410	3800	4521	4395	4363	4218	3907	4733	0
4426	3801	4536	4398	4375	4218	3927	4733	0
4425	3799	4542	4397	4382	4221	3925	4733	0
4464	3800	4535	4396	4374	4241	3914	4733	0
4531	3799	4537	4396	4371	4248	3916	4733	0
4562	3799	4553	4401	4378	4225	3928	4733	0
4558	3800	4556	4402	4380	4210	3929	4733	0
4556	3799	4548	4397	4373	4216	3915	4733	0
4557	3799	4550	4395	4370	4216	3910	4733	0
4557	3798	4552	4398	4371	4210	3913	4732	0
4562	3800	4551	4399	4372	4214	3914	4732	0
4558	3800	4560	4394	4371	4215	3910	4732	0
4550	3794	4572	4386	4364	4215	3907	4732	0
4554	3793	4583	4386	4366	4225	3913	4732	0
4559	3801	4586	4391	4376	4234	3914	4732	0
4544	3801	4573	4388	4375	4233	3907	4731	0
4535	3795	4564	4384	4367	4232	3905	4731	0
4554	3798	4576	4393	4370	4236	3915	4732	0
4555	3800	4577	4395	4373	4235	3913	4732	0
4535	3793	4564	4386	4363	4232	3898	4731	0
4538	3795	4571	4389	4361	4232	3902	4730	0
4560	3801	4589	4408	4377	4232	3923	4731	0
4568	3803	4592	4414	4386	4233	3932	4733	0
4560	3802	4585	4406	4375	4233	3921	4730	0
4553	3801	4582	4403	4369	4232	3914	4727	0
4550	3800	4583	4405	4377	4234	3922	4731	0
4542	3801	4576	4404	4373	4235	3918	4734	0
4535	3801	4574	4404	4363	4234	3909	4732	0
4541	3802	4582	4411	4375	4234	3915	4731	0
4544	3802	4584	4412	4380	4233	3918	4731	0
4532	3800	4577	4409	4367	4232	3908	4731	0
4541	3804	4581	4414	4375	4234	3917	4732	0
4562	3809	4590	4419	4390	4235	3935	4732	0
4545	3803	4580	4414	4375	4234	3921	4730	0
4518	3798	4568	4408	4358	4235	3902	4727	0
4534	3802	4577	4413	4370	4235	3916	4728	0
4554	3804	4588	4421	4378	4233	3927	4733	0
4548	3802	4587	4417	4374	4232	3921	4733	0
4545	3801	4582	4412	4375	4231	3917	4731	0
4541	3800	4573	4411	4374	4231	3914	4732	0
4534	3800	4569	4414	4372	4232	3914	4733	0
4541	3805	4584	4417	4380	4234	3926	4732	0
4543	3805	4590	4416	4391	4234	3930	4731	0
4533	3800	4580	4416	4390	4231	3921	4730	0
4540	3800	4584	4423	4388	4231	3925	4731	0
4545	3802	4586	4424	4388	4232	3927	4732	0
4534	3801	4570	4414	4382	4230	3907	4729	0
4533	3800	4565	4416	4380	4228	3900	4727	0
4546	3802	4574	4423	4388	4231	3916	4731	0
4545	3802	4575	4420	4393	4232	3928	4734	0
4536	3801	4576	4420	4391	4232	3926	4732	0
4539	3800	4582	4416	4391	4230	3926	4731	0
4542	3800	4583	4412	4394	4225	3928	4733	0
4538	3801	4582	4416	4395	4216	3922	4734	0
4537	3801	4574	4417	4393	4206	3914	4731	0
4537	3801	4569	4412	4391	4205	3914	4728	0
4537	3802	4576	4418	4394	4213	3922	4730	0
4541	3804	4579	4425	4400	4218	3928	4732	0
4539	3805	4570	4418	4397	4210	3927	4730	0
4534	3802	4568	4420	4393	4198	3916	4730	0
4536	3801	4569	4429	4393	4201	3907	4732	0
4531	3802	4564	4424	4395	4211	3916	4731	0
4526	3799	4566	4417	4399	4210	3925	4731	0
4532	3803	4571	4421	4397	4199	3915	4733	0
4531	3810	4567	4417	4390	4199	3908	4729	0
4526	3809	4570	4411	4389	4208	3917	4725	0
4535	3810	4581	4422	4398	4214	3927	4729	0
4545	3813	4586	4428	4404	4216	3930	4731	0
4540	3814	4582	4419	4399	4217	3933	4728	0
4536	3815	4574	4420	4398	4212	3934	4729	0
4540	3810	4569	4428	4401	4204	3929	4733	0
4534	3805	4567	4422	4397	4200	3925	4732	0
4525	3809	4567	4414	4391	4202	3925	4731	0
4528	3814	4568	4422	4394	4204	3926	4731	0
4532	3809	4569	4427	4397	4203	3923	4730	0
4513	3800	4557	4415	4390	4201	3913	4731	0
4504	3802	4548	4407	4387	4200	3905	4731	0
4520	3811	4558	4420	4392	4201	3911	4732	0
4527	3815	4569	4426	4394	4201	3922	4732	0
4521	3814	4568	4417	4396	4206	3927	4730	0
4523	3815	4568	4417	4400	4214	3926	4732	0
4522	3814	4570	4422	4397	4212	3925	4734	0
4520	3811	4568	4417	4392	4204	3927	4724	0
4523	3814	4572	4412	4395	4201	3928	4724	0
4523	3816	4576	4415	4395	4202	3926	4730	0
4520	3815	4575	4417	4392	4202	3926	4723	0
4521	3813	4574	4414	4394	4201	3928	4723	0
4520	3812	4571	4412	4394	4200	3927	4725	0
4512	3813	4571	4413	4395	4199	3928	4721	0
4505	3812	4565	4415	4389	4198	3923	4722	0
4504	3814	4557	4412	4385	4202	3915	4726	0
4506	3817	4558	4412	4390	4205	3922	4726	0
4503	3811	4561	4415	4394	4200	3928	4727	0
4496	3808	4554	4413	4389	4204	3923	4724	0
4501	3814	4554	4409	4389	4213	3922	4723	0
4508	3818	4564	4413	4393	4207	3928	4733	0
4507	3815	4566	4414	4392	4196	3928	4733	0
4503	3814	4566	4411	4391	4197	3924	4725	0
4507	3816	4569	4412	4393	4201	3926	4727	0
4504	3817	4569	4414	4394	4198	3929	4732	0
4494	3815	4564	4412	4389	4199	3924	4727	0
4497	3815	4567	4412	4388	4199	3918	4725	0
4505	3815	4571	4413	4391	4197	3923	4729	0
4496	3806	4562	4410	4390	4197	3921	4725	0
4485	3804	4552	4408	4386	4197	3911	4721	0
4489	3812	4555	4411	4388	4197	3911	4729	0
4492	3812	4556	4410	4385	4198	3915	4732	0
4483	3805	4552	4405	4383	4195	3912	4722	0
4476	3806	4553	4407	4387	4188	3908	4718	0
4482	3814	4554	4411	4389	4183	3912	4726	0
4490	3816	4556	4410	4389	4188	3924	4727	0
4489	3814	4562	4411	4394	4200	3930	4724	0
4488	3814	4567	4413	4393	4201	3926	4726	0
4493	3816	4570	4411	4387	4188	3924	4725	0
4494	3814	4571	4411	4389	4190	3926	4723	0
4489	3813	4570	4411	4391	4197	3926	4725	0
4490	3816	4568	4410	4388	4194	3927	4726	0
4493	3815	4570	4411	4391	4193	3927	4721	0
4486	3815	4570	4409	4392	4200	3924	4720	0
4473	3814	4561	4407	4383	4195	3924	4725	0
4470	3804	4552	4410	4380	4185	3922	4726	0
4474	3801	4553	4412	4386	4189	3913	4723	0
4474	3813	4555	4408	4385	4197	3915	4721	0
4477	3818	4557	4410	4385	4197	3928	4727	0
4480	3813	4562	4412	4386	4193	3929	4733	0
4474	3813	4557	4405	4381	4187	3921	4729	0
4471	3817	4554	4402	4381	4185	3923	4725	0
4481	3817	4565	4411	4388	4192	3928	4727	0
4486	3815	4574	4414	4389	4199	3929	4725	0
4479	3815	4568	4411	4383	4192	3928	4721	0
4467	3814	4557	4410	4379	4184	3919	4723	0
4461	3811	4552	4407	4377	4185	3908	4724	0
4466	3807	4556	4406	4377	4192	3908	4719	0
4472	3805	4561	4411	4381	4195	3913	4721	0
4468	3807	4557	4414	4382	4189	3910	4724	0
4461	3807	4553	4409	4378	4187	3908	4722	0
4459	3803	4553	4405	4375	4191	3912	4720	0
4461	3800	4554	4407	4376	4188	3913	4721	0
4461	3802	4553	4408	4376	4184	3912	4722	0
4461	3803	4552	4409	4376	4187	3912	4723	0
4460	3805	4551	4411	4378	4188	3912	4724	0
4460	3811	4553	4408	4376	4187	3912	4724	0
4463	3813	4555	4402	4375	4188	3912	4720	0
4469	3814	4557	4407	4378	4190	3914	4720	0
4468	3815	4559	4414	4381	4188	3913	4724	0
4460	3806	4556	4407	4375	4185	3906	4719	0
4460	3800	4554	4401	4372	4187	3905	4717	0
4466	3813	4563	4404	4376	4190	3918	4721	0
4466	3816	4564	4404	4376	4189	3922	4720	0
4461	3807	4555	4402	4373	4186	3914	4717	0
4459	3811	4553	4405	4374	4186	3914	4723	0
4459	3813	4556	4409	4375	4187	3915	4728	0
4461	3804	4555	4410	4372	4188	3911	4724	0
4453	3800	4547	4405	4367	4186	3905	4717	0
4443	3802	4542	4396	4367	4184	3899	4719	0
4447	3804	4546	4398	4370	4184	3900	4721	0
4460	3812	4553	4403	4374	4186	3911	4719	0
4463	3815	4556	4404	4372	4186	3915	4718	0
4454	3804	4553	4406	4368	4184	3910	4719	0
4450	3796	4553	4406	4368	4184	3909	4720	0
4456	3808	4563	4406	4369	4185	3911	4720	0
4460	3816	4569	4407	4372	4184	3912	4718	0
4452	3807	4561	4403	4370	4184	3911	4720	0
4450	3804	4560	4401	4368	4185	3907	4723	0
4460	3809	4570	4404	4373	4184	3909	4721	0
4459	3805	4570	4403	4376	4184	3913	4719	0
4449	3800	4562	4397	4372	4186	3909	4722	0
4447	3803	4559	4398	4369	4186	3906	4722	0
4448	3805	4558	4403	4368	4182	3909	4716	0
4448	3805	4556	4403	4369	4182	3906	4716	0
4445	3805	4554	4399	4366	4184	3897	4720	0
4441	3801	4553	4396	4364	4184	3895	4721	0
4443	3800	4556	4397	4365	4183	3900	4720	0
4446	3805	4555	4399	4367	4183	3901	4718	0
4446	3808	4553	4398	4366	4184	3898	4718	0
4452	3810	4562	4398	4366	4185	3903	4720	0
4458	3809	4568	4402	4370	4183	3909	4720	0
4451	3804	4563	4404	4368	4182	3911	4719	0
4448	3802	4564	4402	4366	4184	3910	4719	0
4452	3803	4567	4397	4368	4181	3904	4718	0
4447	3802	4559	4399	4365	4175	3894	4719	0
4446	3802	4559	4403	4362	4179	3898	4720	0
4451	3803	4564	4401	4366	4184	3909	4719	0
4447	3807	4556	4399	4369	4183	3908	4716	0
4440	3812	4551	4403	4362	4180	3903	4718	0
4443	3804	4553	4400	4361	4178	3902	4720	0
4450	3802	4558	4400	4369	4180	3906	4718	0
4451	3811	4568	4408	4370	4184	3911	4719	0
4450	3811	4568	4409	4367	4184	3911	4718	0
4456	3809	4565	4405	4367	4181	3909	4717	0
4461	3811	4571	4408	4370	4181	3912	4718	0
4453	3803	4571	4405	4368	4181	3912	4717	0
4451	3801	4566	4401	4367	4181	3907	4715	0
4461	3813	4570	4406	4372	4182	3909	4717	0
4461	3813	4571	4405	4374	4183	3913	4719	0
4453	3807	4566	4398	4370	4181	3910	4717	0
4452	3811	4563	4399	4366	4177	3906	4718	0
4456	3815	4566	4407	4367	4179	3908	4720	0
4458	3817	4569	4414	4372	4183	3911	4719	0
4458	3814	4566	4410	4376	4182	3910	4718	0
4452	3807	4561	4403	4370	4182	3908	4718	0
4444	3801	4558	4406	4363	4182	3909	4717	0
4447	3800	4560	4408	4364	4181	3909	4718	0
4454	3806	4563	4403	4371	4182	3910	4719	0
4456	3814	4569	4400	4374	4183	3920	4719	0
4459	3815	4572	4404	4373	4182	3924	4719	0
4458	3812	4576	4405	4374	4184	3920	4718	0
4459	3813	4582	4407	4376	4183	3920	4717	0
4465	3817	4588	4415	4378	4182	3929	4717	0
4465	3816	4586	4414	4379	4183	3930	4720	0
4453	3814	4575	4408	4375	4182	3918	4720	0
4449	3813	4568	4408	4373	4183	3909	4717	0
4453	3814	4569	4408	4374	4181	3908	4718	0
4451	3814	4568	4404	4373	4176	3908	4718	0
4452	3814	4565	4402	4370	4178	3906	4717	0
4457	3810	4566	4403	4370	4183	3907	4718	0
4458	3810	4569	4407	4375	4183	3909	4722	0
4458	3813	4570	4409	4374	4182	3910	4720	0
4459	3807	4569	4403	4368	4184	3911	4718	0
4457	3801	4567	4398	4369	4181	3910	4718	0
4458	3809	4569	4407	4375	4179	3910	4718	0
4459	3817	4570	4410	4373	4183	3910	4718	0
4459	3814	4568	4407	4368	4181	3909	4718	0
4461	3813	4568	4410	4371	4173	3909	4718	0
4461	3817	4570	4412	4374	4174	3910	4718	0
4461	3812	4571	4408	4372	4183	3909	4718	0
4461	3803	4569	4403	4371	4185	3909	4718	0
4457	3801	4565	4405	4367	4180	3908	4720	0
4452	3802	4564	4404	4366	4174	3902	4720	0
4456	3804	4568	4402	4372	4178	3903	4719	0
4462	3811	4570	4404	4376	4185	3911	4718	0
4461	3813	4570	4402	4372	4177	3913	4717	0
4456	3809	4567	4397	4367	4167	3904	4717	0
4454	3805	4559	4398	4367	4169	3896	4717	0
4454	3801	4557	4399	4368	4179	3902	4718	0
4456	3803	4565	4399	4368	4181	3910	4718	0
4467	3814	4571	4404	4370	4176	3911	4718	0
4475	3815	4571	4406	4376	4180	3911	4717	0
4468	3807	4570	4400	4375	4183	3911	4718	0
4461	3807	4571	4398	4368	4174	3907	4718	0
4469	3813	4572	4404	4367	4170	3907	4716	0
4477	3815	4578	4405	4370	4178	3910	4717	0
4475	3813	4583	4404	4369	4182	3911	4717	0
4472	3813	4579	4410	4368	4182	3911	4716	0
4473	3814	4572	4412	4368	4184	3912	4718	0
4472	3814	4570	4405	4368	4182	3911	4720	0
4465	3814	4572	4400	4369	4181	3906	4719	0
4460	3810	4567	4398	4368	4184	3904	4717	0
4467	3803	4565	4397	4366	4178	3902	4717	0
4472	3800	4567	4398	4368	4173	3899	4718	0
4471	3808	4566	4397	4369	4178	3902	4717	0
4480	3814	4565	4396	4368	4176	3908	4717	0
4490	3813	4572	4401	4370	4171	3912	4717	0
4490	3812	4581	4405	4371	4177	3913	4717	0
4492	3817	4586	4409	4373	4182	3919	4717	0
4496	3819	4585	4411	4375	4176	3924	4717	0
4489	3810	4576	4405	4370	4173	3918	4717	0
4476	3804	4568	4401	4362	4169	3908	4718	0
4475	3811	4568	4403	4364	4169	3905	4718	0
4480	3818	4570	4401	4369	4175	3910	4718	0
4477	3814	4566	4397	4365	4171	3908	4718	0
4472	3808	4561	4398	4363	4167	3898	4718	0
4475	3812	4564	4398	4366	4176	3902	4719	0
4479	3814	4570	4401	4369	4180	3911	4719	0
4481	3811	4571	4404	4369	4172	3912	4718	0
4485	3807	4570	4402	4365	4171	3909	4717	0
4482	3807	4570	4399	4365	4175	3911	4718	0
4478	3811	4573	4400	4367	4172	3913	4718	0
4484	3815	4577	4399	4366	4170	3912	4717	0
4487	3812	4574	4397	4365	4173	3911	4717	0
4483	3810	4574	4400	4367	4170	3911	4718	0
4479	3811	4580	4403	4365	4169	3911	4718	0
4477	3807	4574	4401	4359	4171	3908	4718	0
4473	3800	4566	4398	4360	4169	3907	4720	0
4476	3802	4569	4398	4367	4169	3910	4720	0
4478	3807	4570	4396	4368	4171	3911	4718	0
4474	3811	4565	4394	4364	4172	3906	4718	0
4476	3816	4569	4397	4366	4171	3907	4718	0
4480	3813	4568	4399	4368	4169	3913	4719	0
4475	3800	4561	4396	4360	4168	3907	4720	0
4470	3802	4564	4395	4356	4169	3901	4719	0
4482	3814	4572	4401	4364	4169	3908	4719	0
4493	3813	4579	4403	4365	4170	3913	4718	0
4489	3806	4582	4397	4362	4176	3911	4717	0
4486	3812	4578	4396	4366	4176	3911	4717	0
4488	3817	4577	4397	4368	4170	3912	4717	0
4491	3813	4583	4397	4364	4169	3912	4716	0
4492	3807	4580	4399	4366	4172	3913	4716	0
4482	3801	4567	4397	4365	4171	3909	4717	0
4470	3798	4566	4394	4359	4167	3907	4718	0
4477	3802	4571	4400	4361	4167	3911	4720	0
4487	3804	4570	4404	4366	4168	3912	4720	0
4482	3805	4569	4398	4365	4170	3912	4717	0
4481	3809	4570	4396	4366	4171	3914	4717	0
4483	3810	4569	4399	4366	4169	3913	4718	0
4478	3806	4569	4398	4361	4171	3911	4718	0
4481	3804	4572	4399	4362	4177	3912	4718	0
4490	3805	4574	4403	4367	4175	3915	4718	0
4490	3807	4573	4406	4365	4170	3914	4717	0
4479	3810	4572	4404	4362	4169	3913	4717	0
4482	3809	4573	4401	4367	4171	3915	4718	0
4484	3801	4572	4400	4367	4171	3915	4719	0
4477	3801	4569	4400	4363	4170	3912	4717	0
4481	3806	4573	4399	4364	4169	3913	4717	0
4489	3803	4574	4398	4365	4169	3914	4719	0
4481	3800	4563	4396	4362	4170	3909	4717	0
4470	3800	4557	4394	4361	4169	3905	4716	0
4474	3801	4564	4394	4359	4169	3904	4718	0
4477	3801	4569	4397	4357	4170	3903	4719	0
4475	3801	4566	4398	4361	4169	3905	4716	0
4477	3802	4566	4396	4362	4169	3906	4717	0
4479	3803	4572	4396	4361	4170	3909	4719	0
4480	3803	4574	4399	4363	4170	3912	4718	0
4480	3803	4577	4399	4365	4171	3913	4717	0
4485	3803	4582	4397	4364	4171	3916	4716	0
4491	3803	4579	4398	4365	4171	3919	4716	0
4489	3801	4576	4397	4367	4170	3917	4717	0
4485	3802	4582	4397	4363	4171	3914	4718	0
4481	3802	4577	4397	4361	4170	3914	4718	0
4475	3800	4564	4396	4358	4169	3911	4718	0
4473	3800	4566	4396	4358	4170	3905	4717	0
4473	3800	4570	4395	4360	4170	3906	4717	0
4471	3800	4567	4396	4357	4169	3902	4716	0
4471	3800	4565	4397	4355	4170	3896	4717	0
4472	3800	4567	4397	4360	4170	3901	4718	0
4474	3801	4569	4400	4362	4170	3910	4717	0
4475	3802	4569	4399	4360	4171	3910	4717	0
4473	3802	4567	4397	4361	4172	3912	4719	0
4475	3803	4572	4399	4365	4170	3923	4718	0
4484	3804	4583	4404	4364	4171	3926	4716	0
4486	3803	4584	4406	4363	4172	3920	4716	0
4480	3802	4582	4402	4361	4170	3919	4718	0
4476	3804	4582	4396	4359	4169	3922	4719	0
4476	3804	4577	4397	4362	4171	3919	4717	0
4476	3803	4573	4402	4364	4170	3912	4717	0
4475	3802	4573	4403	4361	4168	3908	4718	0
4473	3803	4571	4400	4357	4168	3908	4718	0
4470	3804	4569	4397	4358	4169	3907	4717	0
4471	3805	4570	4397	4357	4170	3906	4718	0
4471	3803	4567	4397	4353	4169	3905	4719	0
4465	3800	4566	4394	4352	4169	3900	4718	0
4463	3800	4568	4393	4354	4169	3898	4717	0
4469	3802	4568	4395	4356	4169	3907	4716	0
4473	3801	4570	4397	4358	4170	3913	4716	0
4473	3802	4579	4396	4356	4170	3911	4717	0
4475	3803	4585	4397	4353	4170	3911	4716	0
4475	3802	4578	4397	4356	4169	3914	4716	0
4472	3801	4570	4394	4358	4170	3911	4717	0
4472	3802	4570	4394	4355	4169	3909	4718	0
4470	3802	4573	4398	4355	4168	3908	4719	0
4463	3801	4565	4397	4353	4167	3899	4718	0
4455	3800	4554	4394	4349	4166	3890	4717	0
4456	3801	4558	4393	4349	4167	3891	4717	0
4461	3801	4569	4394	4353	4168	3896	4718	0
4460	3802	4571	4396	4358	4167	3903	4716	0
4462	3802	4566	4397	4356	4168	3909	4715	0
4473	3803	4572	4398	4356	4170	3913	4715	0
4476	3803	4579	4398	4358	4170	3913	4715	0
4471	3804	4578	4396	4359	4171	3913	4715	0
4474	3804	4580	4395	4361	4170	3915	4715	0
4472	3802	4579	4398	4359	4168	3913	4715	0
4463	3802	4571	4395	4354	4167	3908	4715	0
4463	3802	4567	4392	4354	4168	3907	4715	0
4466	3800	4570	4393	4357	4166	3906	4715	0
4460	3799	4567	4391	4351	4165	3899	4715	0
4458	3800	4564	4390	4347	4168	3894	4718	0
4461	3802	4567	4395	4352	4166	3895	4718	0
4464	3803	4566	4399	4352	4165	3901	4717	0
4466	3803	4567	4396	4352	4169	3907	4717	0
4464	3801	4569	4394	4353	4170	3904	4717	0
4460	3801	4566	4396	4351	4168	3894	4718	0
4462	3801	4566	4396	4351	4166	3895	4718	0
4469	3801	4572	4391	4352	4167	3907	4718	0
4472	3800	4572	4389	4353	4164	3910	4720	0
4465	3801	4571	4394	4353	4161	3904	4720	0
4462	3801	4579	4394	4349	4164	3904	4717	0
4471	3800	4585	4391	4348	4169	3911	4717	0
4484	3802	4585	4393	4357	4167	3914	4719	0
4485	3803	4585	4394	4363	4166	3916	4719	0
4481	3802	4581	4396	4356	4167	3914	4717	0
4475	3802	4570	4400	4352	4167	3910	4718	0
4467	3802	4566	4396	4354	4167	3909	4720	0
4464	3800	4570	4391	4351	4167	3906	4717	0
4470	3801	4572	4393	4349	4165	3904	4716	0
4471	3803	4570	4393	4354	4166	3907	4719	0
4461	3801	4566	4387	4352	4168	3909	4718	0
4458	3800	4567	4383	4348	4168	3907	4716	0
4467	3802	4571	4383	4348	4159	3901	4718	0
4470	3801	4572	4381	4347	4149	3901	4718	0
4471	3802	4578	4375	4350	4157	3910	4718	0
4477	3804	4589	4373	4354	4171	3915	4718	0
4472	3804	4583	4372	4351	4160	3908	4718	0
4459	3800	4568	4367	4347	4150	3906	4718	0
4458	3801	4571	4365	4350	4164	3911	4720	0
4466	3803	4577	4367	4353	4170	3912	4718	0
4461	3801	4570	4367	4347	4155	3903	4715	0
4451	3799	4563	4372	4339	4149	3893	4717	0
4458	3803	4569	4382	4340	4155	3894	4718	0
4471	3804	4575	4383	4345	4158	3902	4717	0
4472	3801	4574	4381	4352	4155	3908	4717	0
4471	3802	4580	4387	4354	4153	3911	4718	0
4470	3803	4582	4384	4355	4162	3912	4718	0
4471	3801	4575	4374	4360	4169	3914	4717	0
4475	3801	4574	4377	4356	4161	3913	4716	0
4467	3801	4573	4380	4343	4149	3906	4718	0
4457	3798	4568	4374	4342	4154	3905	4721	0
4488	3800	4574	4376	4354	4164	3915	4720	0
4547	3802	4588	4384	4362	4161	3928	4718	0
4561	3801	4586	4390	4358	4152	3926	4718	0
4543	3800	4586	4391	4353	4153	3918	4718	0
4548	3802	4590	4386	4354	4156	3917	4718	0
4553	3798	4576	4378	4352	4153	3912	4719	0
4544	3794	4563	4380	4348	4155	3910	4717	0
4551	3798	4569	4383	4354	4156	3916	4717	0
4555	3802	4569	4383	4353	4151	3903	4720	0
4538	3798	4553	4380	4343	4151	3884	4719	0
4532	3798	4547	4380	4344	4150	3887	4715	0
4545	3801	4555	4384	4351	4140	3895	4715	0
4549	3799	4561	4385	4353	4134	3897	4715	0
4552	3799	4567	4381	4358	4138	3908	4715	0
4554	3800	4571	4376	4362	4139	3913	4715	0
4543	3799	4564	4371	4354	4136	3904	4715	0
4538	3795	4565	4372	4350	4133	3901	4715	0
4533	3786	4562	4368	4346	4125	3895	4715	0
4531	3785	4553	4367	4347	4124	3890	4717	0
4547	3796	4569	4377	4360	4134	3907	4717	0
4559	3803	4582	4385	4369	4136	3920	4717	0
4556	3800	4576	4391	4365	4134	3914	4718	0
4554	3798	4580	4398	4367	4155	3911	4719	0
4560	3803	4588	4397	4378	4181	3917	4717	0
4558	3802	4574	4386	4376	4177	3911	4716	0
4548	3798	4564	4382	4365	4167	3905	4717	0
4543	3798	4569	4383	4363	4169	3909	4717	0
4552	3801	4572	4383	4370	4169	3911	4719	0
4552	3801	4573	4381	4375	4167	3914	4721	0
4534	3798	4567	4375	4368	4166	3909	4719	0
4533	3798	4567	4378	4365	4166	3907	4718	0
4542	3800	4572	4383	4367	4167	3911	4723	0
4536	3801	4570	4381	4369	4167	3912	4721	0
4535	3801	4570	4381	4373	4169	3915	4716	0
4536	3801	4573	4384	4374	4169	3915	4719	0
4529	3801	4571	4383	4367	4169	3910	4720	0
4530	3800	4568	4382	4362	4169	3909	4718	0
4538	3799	4572	4386	4368	4171	3913	4719	0
4539	3802	4579	4388	4372	4174	3913	4721	0
4537	3804	4575	4383	4368	4172	3909	4718	0
4536	3801	4568	4376	4368	4170	3909	4719	0
4537	3801	4570	4375	4371	4173	3916	4724	0
4539	3803	4572	4372	4371	4172	3920	4723	0
4539	3802	4572	4366	4371	4172	3914	4717	0
4536	3800	4578	4365	4373	4176	3914	4715	0
4546	3803	4589	4370	4379	4181	3932	4723	0
4552	3804	4588	4373	4382	4183	3944	4729	0
4538	3800	4574	4367	4372	4176	3925	4723	0
4532	3799	4572	4364	4363	4172	3912	4716	0
4546	3803	4585	4368	4370	4175	3924	4718	0
4543	3803	4580	4368	4373	4173	3926	4722	0
4522	3799	4566	4364	4363	4166	3910	4719	0
4519	3799	4569	4365	4363	4174	3913	4718	0
4532	3803	4574	4367	4371	4187	3929	4722	0
4535	3803	4570	4365	4369	4181	3926	4721	0
4532	3802	4569	4365	4365	4176	3915	4719	0
4528	3801	4569	4365	4368	4181	3917	4721	0
4524	3801	4570	4361	4369	4185	3923	4721	0
4520	3800	4569	4359	4365	4181	3914	4720	0
4518	3799	4567	4364	4362	4181	3906	4727	0
4526	3800	4576	4368	4363	4183	3915	4727	0
4534	3801	4585	4364	4364	4182	3923	4717	0
4536	3801	4583	4363	4365	4181	3924	4715	0
4537	3804	4585	4370	4369	4185	3930	4722	0
4534	3805	4585	4368	4370	4183	3930	4724	0
4521	3802	4570	4358	4364	4173	3917	4722	0
4516	3798	4565	4358	4362	4173	3912	4719	0
4526	3800	4574	4369	4366	4178	3917	4720	0
4522	3801	4571	4369	4364	4178	3912	4721	0
4512	3800	4563	4364	4360	4175	3903	4719	0
4522	3800	4569	4367	4365	4176	3908	4718	0
4522	3799	4569	4368	4369	4180	3909	4718	0
4507	3797	4562	4364	4363	4181	3905	4721	0
4507	3798	4566	4366	4360	4181	3912	4723	0
4525	3800	4571	4371	4361	4181	3915	4718	0
4537	3799	4566	4370	4362	4183	3911	4718	0
4546	3800	4571	4371	4364	4181	3915	4722	0
4556	3801	4581	4380	4366	4180	3918	4720	0
4554	3798	4576	4383	4364	4182	3917	4719	0
4552	3799	4577	4379	4364	4184	3926	4720	0
4556	3803	4586	4377	4368	4185	3929	4718	0
4555	3802	4578	4381	4367	4183	3921	4720	0
4550	3799	4569	4384	4366	4182	3921	4725	0
4545	3801	4573	4383	4368	4183	3926	4723	0
4541	3802	4574	4384	4366	4183	3922	4717	0
4536	3800	4569	4388	4365	4185	3913	4717	0
4538	3802	4570	4389	4367	4186	3912	4720	0
4537	3802	4568	4388	4366	4185	3914	4722	0
4528	3800	4567	4388	4362	4182	3913	4721	0
4526	3801	4566	4388	4362	4181	3910	4717	0
4534	3802	4568	4388	4364	4182	3914	4716	0
4538	3800	4577	4390	4367	4184	3922	4720	0
4539	3803	4587	4394	4369	4183	3932	4720	0
4541	3806	4588	4398	4369	4181	3935	4717	0
4541	3804	4586	4400	4367	4182	3930	4723	0
4540	3804	4588	4398	4366	4183	3928	4726	0
4540	3809	4586	4396	4368	4183	3929	4722	0
4537	3809	4584	4403	4367	4183	3929	4721	0
4530	3805	4584	4408	4363	4182	3924	4722	0
4522	3802	4581	4401	4362	4183	3922	4721	0
4521	3801	4573	4395	4361	4178	3918	4720	0
4523	3800	4571	4398	4358	4174	3915	4721	0
4521	3806	4576	4398	4357	4180	3914	4717	0
4520	3812	4577	4394	4358	4183	3914	4717	0
4523	3811	4575	4400	4361	4182	3917	4721	0
4525	3808	4581	4404	4364	4182	3923	4720	0
4525	3811	4588	4401	4365	4181	3929	4718	0
4521	3806	4585	4401	4364	4177	3926	4720	0
4519	3800	4582	4406	4360	4179	3921	4718	0
4522	3802	4586	4405	4361	4185	3922	4718	0
4521	3801	4584	4404	4363	4180	3924	4722	0
4521	3801	4583	4407	4362	4174	3926	4722	0
4521	3803	4584	4406	4363	4176	3926	4718	0
4518	3804	4583	4401	4363	4174	3924	4718	0
4517	3810	4584	4403	4361	4174	3923	4720	0
4516	3813	4582	4403	4357	4178	3919	4719	0
4506	3803	4571	4397	4351	4175	3910	4718	0
4502	3797	4566	4398	4349	4167	3909	4721	0
4504	3801	4569	4403	4354	4169	3914	4720	0
4508	3804	4574	4404	4355	4172	3917	4717	0
4515	3800	4582	4405	4357	4169	3922	4723	0
4517	3800	4587	4405	4361	4170	3927	4724	0
4517	3807	4586	4403	4361	4170	3928	4717	0
4516	3811	4588	4402	4361	4170	3927	4716	0
4516	3803	4587	4404	4363	4171	3928	4720	0
4517	3799	4587	4409	4361	4169	3931	4720	0
4515	3803	4586	4408	4357	4170	3926	4719	0
4505	3802	4577	4402	4355	4171	3915	4720	0
4494	3799	4566	4396	4352	4169	3907	4719	0
4490	3800	4567	4399	4349	4168	3907	4718	0
4494	3801	4576	4401	4350	4171	3917	4719	0
4503	3802	4573	4397	4355	4172	3922	4719	0
4507	3803	4571	4398	4356	4170	3918	4720	0
4505	3803	4581	4401	4357	4169	3922	4719	0
4498	3802	4578	4400	4357	4170	3924	4719	0
4497	3798	4568	4401	4351	4170	3912	4720	0
4502	3800	4573	4403	4349	4169	3907	4718	0
4497	3802	4576	4401	4352	4170	3915	4718	0
4488	3800	4566	4403	4349	4167	3917	4724	0
4505	3801	4575	4413	4356	4170	3926	4722	0
4523	3805	4597	4414	4367	4183	3938	4721	0
4509	3801	4595	4407	4362	4178	3940	4725	0
4506	3803	4592	4415	4356	4165	3943	4725	0
4518	3815	4600	4421	4363	4176	3945	4717	0
4509	3809	4590	4404	4364	4189	3932	4717	0
4497	3798	4575	4392	4357	4173	3923	4726	0
4507	3806	4582	4404	4358	4164	3922	4731	0
4503	3810	4582	4405	4358	4172	3916	4735	0
4488	3798	4569	4394	4355	4172	3911	4732	0
4492	3798	4570	4400	4354	4169	3915	4725	0
4494	3803	4576	4405	4353	4170	3916	4718	0
4488	3798	4580	4396	4354	4171	3913	4718	0
4496	3797	4585	4396	4352	4169	3912	4720	0
4506	3803	4586	4401	4351	4168	3918	4717	0
4494	3797	4585	4397	4355	4168	3926	4716	0
4489	3794	4585	4396	4356	4169	3922	4717	0
4502	3798	4585	4398	4351	4169	3912	4717	0
4499	3791	4585	4400	4349	4168	3910	4717	0
4487	3785	4583	4398	4352	4167	3912	4718	0
4493	3790	4580	4396	4355	4168	3911	4718	0
4493	3789	4572	4396	4352	4168	3910	4718	0
4479	3781	4564	4397	4345	4166	3904	4717	0
4482	3784	4568	4397	4349	4166	3904	4717	0
4502	3797	4584	4398	4363	4168	3921	4718	0
4508	3802	4587	4397	4365	4170	3926	4720	0
4495	3790	4573	4395	4362	4170	3914	4719	0
4488	3786	4571	4395	4362	4170	3912	4718	0
4493	3790	4585	4398	4361	4168	3918	4719	0
4493	3788	4587	4396	4358	4167	3913	4718	0
4489	3787	4581	4395	4361	4168	3912	4717	0
4493	3788	4584	4396	4367	4169	3925	4719	0
4500	3787	4588	4400	4370	4171	3929	4718	0
4504	3794	4585	4401	4372	4171	3923	4717	0
4506	3804	4585	4403	4372	4169	3925	4720	0
4502	3802	4585	4403	4371	4167	3924	4720	0
4496	3789	4574	4398	4368	4168	3912	4718	0
4500	3787	4571	4402	4367	4167	3914	4718	0
4502	3796	4574	4405	4367	4167	3921	4718	0
4495	3794	4571	4400	4362	4166	3909	4717	0
4498	3787	4575	4403	4365	4169	3911	4716	0
4517	3797	4596	4407	4380	4171	3938	4717	0
4524	3806	4606	4406	4384	4169	3948	4718	0
4512	3800	4593	4408	4377	4173	3936	4718	0
4506	3800	4588	4410	4378	4184	3933	4718	0
4508	3802	4593	4405	4382	4186	3931	4718	0
4508	3800	4591	4404	4375	4175	3928	4718	0
4509	3800	4590	4409	4372	4169	3932	4718	0
4520	3800	4599	4414	4379	4170	3944	4718	0
4523	3799	4608	4418	4387	4171	3948	4718	0
4509	3800	4602	4409	4381	4169	3932	4718	0
4502	3798	4589	4402	4373	4169	3921	4718	0
4508	3796	4587	4408	4380	4170	3929	4718	0
4505	3794	4588	4408	4377	4168	3924	4718	0
4498	3794	4584	4401	4366	4166	3911	4716	0
4505	3797	4586	4407	4369	4167	3919	4716	0
4507	3799	4587	4413	4376	4169	3925	4717	0
4503	3796	4584	4405	4375	4170	3916	4717	0
4505	3798	4589	4405	4375	4169	3921	4717	0
4508	3802	4595	4414	4378	4169	3931	4717	0
4505	3801	4588	4413	4377	4170	3926	4718	0
4503	3800	4581	4408	4374	4170	3920	4718	0
4511	3801	4590	4411	4374	4173	3929	4720	0
4523	3801	4599	4414	4379	4175	3943	4724	0
4525	3801	4593	4410	4385	4170	3937	4720	0
4512	3801	4583	4405	4381	4168	3921	4717	0
4508	3801	4580	4403	4380	4169	3923	4718	0
4511	3801	4576	4403	4383	4169	3926	4719	0
4511	3801	4576	4407	4381	4167	3920	4718	0
4507	3801	4585	4415	4382	4168	3921	4718	0
4503	3800	4585	4415	4383	4176	3925	4717	0
4504	3801	4581	4408	4380	4181	3923	4718	0
4514	3802	4591	4412	4384	4178	3927	4719	0
4520	3801	4600	4416	4391	4180	3933	4717	0
4520	3800	4599	4410	4389	4178	3932	4717	0
4521	3802	4598	4406	4384	4170	3930	4718	0
4521	3803	4604	4414	4386	4169	3931	4718	0
4512	3801	4601	4414	4382	4173	3930	4717	0
4506	3800	4588	4406	4377	4169	3925	4716	0
4504	3799	4583	4407	4379	4167	3920	4719	0
4503	3798	4585	4413	4381	4171	3921	4720	0
4507	3801	4585	4414	4381	4171	3928	4718	0
4506	3800	4584	4412	4381	4171	3924	4718	0
4501	3800	4584	4414	4380	4172	3916	4719	0
4513	3802	4586	4416	4387	4174	3927	4718	0
4521	3802	4590	4409	4389	4171	3935	4717	0
4504	3800	4586	4406	4380	4167	3926	4718	0
4500	3801	4580	4408	4380	4175	3923	4718	0
4511	3801	4583	4405	4384	4184	3928	4717	0
4505	3798	4582	4405	4379	4175	3922	4718	0
4504	3800	4584	4412	4383	4167	3924	4719	0
4516	3802	4593	4415	4389	4169	3933	4718	0
4510	3799	4591	4413	4379	4171	3925	4718	0
4500	3800	4584	4408	4374	4168	3916	4718	0
4503	3800	4584	4401	4380	4166	3924	4718	0
4506	3794	4585	4402	4378	4166	3928	4717	0
4501	3794	4582	4409	4377	4169	3923	4716	0
4503	3801	4583	4412	4383	4170	3926	4716	0
4515	3802	4589	4410	4385	4173	3929	4716	0
4518	3800	4591	4410	4382	4179	3928	4716	0
4507	3801	4584	4409	4376	4176	3927	4717	0
4500	3800	4580	4411	4371	4175	3924	4718	0
4511	3800	4585	4412	4370	4183	3920	4718	0
4512	3802	4583	4408	4368	4185	3924	4717	0
4500	3802	4580	4407	4365	4183	3927	4717	0
4501	3802	4587	4410	4367	4183	3919	4717	0
4512	3802	4591	4410	4371	4175	3914	4716	0
4509	3800	4584	4402	4368	4167	3922	4716	0
4504	3800	4581	4400	4366	4173	3927	4716	0
4513	3800	4584	4410	4371	4179	3926	4717	0
4523	3801	4584	4415	4377	4181	3927	4717	0
4525	3802	4584	4412	4374	4182	3930	4719	0
4523	3801	4581	4407	4368	4180	3925	4718	0
4520	3799	4575	4407	4367	4183	3915	4716	0
4521	3798	4571	4409	4368	4181	3917	4716	0
4520	3800	4570	4411	4369	4172	3920	4717	0
4521	3801	4576	4412	4367	4173	3913	4717	0
4518	3801	4582	4413	4366	4183	3915	4717	0
4515	3801	4574	4409	4366	4184	3920	4716	0
4515	3800	4570	4401	4366	4179	3915	4716	0
4521	3801	4580	4398	4364	4182	3921	4717	0
4533	3801	4590	4408	4369	4183	3932	4717	0
4535	3801	4583	4414	4375	4184	3930	4717	0
4524	3800	4576	4409	4371	4183	3924	4717	0
4521	3801	4580	4408	4366	4181	3926	4718	0
4522	3801	4582	4408	4368	4183	3924	4719	0
4513	3800	4573	4398	4367	4183	3914	4717	0
4512	3799	4565	4396	4364	4173	3907	4717	0
4525	3800	4574	4410	4365	4168	3912	4717	0
4520	3800	4582	4412	4366	4173	3913	4717	0
4507	3800	4575	4409	4364	4174	3911	4717	0
4505	3800	4569	4412	4367	4171	3912	4718	0
4504	3800	4568	4407	4369	4178	3909	4718	0
4504	3800	4571	4399	4368	4184	3912	4718	0
4506	3800	4578	4408	4371	4184	3928	4718	0
4501	3800	4584	4411	4371	4179	3927	4717	0
4492	3799	4582	4397	4368	4174	3912	4717	0
4494	3800	4582	4397	4370	4177	3914	4717	0
4506	3803	4589	4413	4374	4184	3930	4718	0
4510	3804	4590	4412	4377	4184	3932	4717	0
4498	3801	4580	4400	4374	4181	3921	4717	0
4492	3800	4578	4404	4369	4183	3920	4718	0
4499	3801	4583	4412	4371	4182	3922	4719	0
4494	3800	4575	4408	4372	4182	3914	4717	0
4485	3800	4570	4406	4367	4185	3906	4718	0
4486	3800	4579	4410	4363	4180	3911	4721	0
4486	3800	4585	4407	4365	4174	3916	4720	0
4484	3802	4580	4403	4364	4178	3913	4716	0
4485	3802	4578	4406	4358	4177	3909	4716	0
4486	3800	4583	4409	4360	4174	3910	4718	0
4488	3800	4586	4408	4365	4181	3916	4718	0
4483	3802	4587	4402	4363	4186	3918	4718	0
4475	3801	4582	4395	4354	4181	3910	4718	0
4481	3798	4586	4402	4360	4182	3918	4717	0
4497	3805	4602	4413	4376	4186	3943	4717	0
4503	3816	4606	4411	4375	4184	3943	4717	0
4490	3811	4591	4404	4361	4183	3914	4717	0
4472	3799	4582	4403	4360	4182	3907	4718	0
4477	3800	4584	4403	4368	4180	3919	4717	0
4491	3805	4586	4402	4368	4180	3916	4717	0
4488	3802	4586	4407	4366	4184	3910	4718	0
4476	3802	4575	4407	4365	4181	3910	4718	0
4471	3804	4569	4402	4361	4174	3909	4717	0
4483	3803	4580	4406	4365	4179	3916	4716	0
4490	3803	4584	4410	4370	4185	3921	4717	0
4478	3802	4581	4403	4364	4182	3917	4716	0
4471	3799	4584	4401	4361	4178	3915	4716	0
4479	3802	4587	4409	4367	4180	3919	4716	0
4486	3802	4592	4411	4368	4182	3921	4716	0
4489	3802	4602	4406	4367	4183	3926	4716	0
4493	3813	4604	4402	4376	4183	3932	4717	0
4490	3811	4601	4403	4375	4183	3929	4716	0
4489	3802	4601	4409	4367	4183	3923	4716	0
4496	3811	4604	4412	4374	4182	3926	4716	0
4492	3816	4602	4413	4377	4182	3928	4716	0
4474	3800	4587	4409	4363	4181	3915	4717	0
4467	3796	4578	4402	4360	4182	3906	4718	0
4476	3804	4587	4401	4368	4184	3914	4717	0
4475	3802	4590	4401	4365	4184	3920	4716	0
4471	3800	4588	4404	4363	4182	3919	4717	0
4485	3804	4598	4412	4369	4185	3927	4718	0
4486	3803	4602	4408	4368	4186	3927	4717	0
4468	3800	4587	4397	4361	4173	3911	4717	0
4464	3798	4582	4399	4360	4169	3909	4719	0
4475	3800	4596	4407	4367	4180	3925	4720	0
4485	3804	4607	4408	4372	4176	3930	4718	0
4490	3811	4607	4410	4371	4168	3925	4718	0
4490	3816	4605	4411	4368	4171	3924	4719	0
4492	3812	4608	4410	4372	4172	3929	4719	0
4505	3809	4615	4415	4383	4170	3941	4718	0
4498	3807	4611	4413	4383	4172	3941	4719	0
4472	3802	4591	4403	4366	4170	3920	4720	0
4468	3796	4584	4402	4356	4167	3909	4719	0
4479	3799	4591	4406	4362	4168	3914	4720	0
4472	3803	4589	4401	4367	4166	3911	4720	0
4463	3801	4581	4396	4366	4165	3909	4720	0
4470	3799	4584	4406	4364	4166	3919	4720	0
4475	3801	4595	4412	4366	4165	3924	4718	0
4479	3803	4601	4408	4371	4166	3925	4720	0
4485	3802	4602	4401	4372	4169	3928	4721	0
4481	3801	4600	4399	4367	4168	3927	4721	0
4480	3802	4602	4402	4370	4166	3931	4718	0
4486	3803	4602	4400	4373	4170	3933	4718	0
4477	3802	4589	4400	4363	4170	3917	4718	0
4468	3800	4582	4402	4360	4166	3911	4718	0
4473	3799	4585	4399	4370	4168	3926	4718	0
4474	3800	4586	4397	4369	4172	3923	4719	0
4474	3802	4585	4403	4364	4168	3912	4718	0
4475	3803	4587	4404	4370	4166	3922	4717	0
4467	3801	4583	4398	4370	4169	3929	4717	0
4461	3799	4581	4397	4365	4168	3920	4718	0
4462	3800	4581	4396	4364	4165	3913	4717	0
4461	3801	4579	4396	4360	4166	3909	4717	0
4458	3800	4580	4395	4355	4169	3906	4717	0
4464	3800	4585	4399	4361	4168	3914	4718	0
4475	3802	4595	4409	4369	4168	3927	4717	0
4472	3801	4601	4411	4366	4167	3927	4717	0
4465	3798	4591	4401	4364	4167	3924	4718	0
4468	3800	4586	4398	4366	4168	3926	4718	0
4475	3802	4595	4406	4368	4168	3928	4717	0
4485	3802	4602	4416	4370	4169	3930	4717	0
4487	3801	4601	4418	4375	4170	3933	4717	0
4477	3802	4595	4408	4374	4170	3928	4717	0
4471	3803	4589	4399	4370	4169	3922	4717	0
4474	3803	4589	4402	4369	4168	3918	4716	0
4475	3802	4594	4406	4370	4168	3921	4716	0
4474	3803	4597	4404	4372	4169	3927	4718	0
4475	3803	4598	4403	4369	4168	3923	4720	0
4476	3802	4600	4411	4365	4168	3921	4717	0
4480	3802	4605	4420	4373	4171	3934	4716	0
4471	3801	4600	4417	4376	4169	3929	4717	0
4466	3799	4589	4410	4366	4164	3914	4717	0
4477	3801	4596	4410	4366	4166	3922	4716	0
4484	3804	4605	4417	4377	4172	3933	4717	0
4474	3803	4592	4416	4375	4172	3927	4717	0
4467	3800	4580	4410	4364	4166	3920	4717	0
4477	3800	4589	4417	4368	4166	3924	4718	0
4476	3801	4589	4420	4370	4165	3919	4719	0
4447	3798	4568	4399	4357	4156	3898	4718	0
4444	3797	4569	4397	4353	4159	3898	4716	0
4472	3801	4589	4424	4367	4170	3926	4717	0
4481	3802	4593	4427	4371	4171	3934	4718	0
4471	3806	4593	4410	4365	4168	3922	4717	0
4474	3808	4605	4411	4367	4169	3925	4717	0
4477	3802	4607	4421	4369	4168	3930	4718	0
4467	3797	4594	4419	4361	4166	3925	4719	0
4465	3802	4593	4415	4361	4171	3925	4720	0
4471	3804	4597	4414	4369	4168	3929	4721	0
4468	3798	4591	4414	4364	4156	3926	4718	0
4464	3801	4584	4413	4357	4156	3922	4717	0
4465	3810	4586	4416	4362	4168	3925	4718	0
4463	3808	4588	4423	4362	4172	3926	4718	0
4457	3804	4585	4425	4357	4168	3923	4715	0
4460	3808	4587	4426	4364	4169	3925	4715	0
4461	3807	4588	4429	4370	4169	3925	4716	0
4457	3800	4583	4423	4360	4164	3918	4716	0
4457	3801	4585	4417	4357	4166	3920	4716	0
4462	3809	4594	4420	4364	4170	3927	4717	0
4464	3809	4593	4422	4365	4170	3930	4718	0
4461	3802	4589	4421	4361	4167	3927	4719	0
4465	3798	4596	4421	4362	4168	3927	4718	0
4476	3803	4605	4420	4365	4171	3931	4717	0
4474	3808	4601	4422	4364	4170	3932	4717	0
4472	3810	4599	4425	4364	4167	3927	4717	0
4476	3805	4604	4427	4367	4169	3931	4717	0
4467	3799	4597	4428	4364	4170	3932	4717	0
4449	3802	4586	4423	4357	4167	3915	4717	0
4451	3804	4585	4418	4359	4168	3913	4716	0
4460	3802	4589	4422	4365	4172	3926	4716	0
4454	3804	4586	4424	4363	4170	3921	4717	0
4448	3805	4580	4424	4360	4168	3910	4716	0
4456	3804	4583	4425	4365	4172	3923	4716	0
4461	3804	4586	4416	4368	4173	3931	4716	0
4452	3805	4582	4410	4362	4171	3919	4716	0
4448	3804	4580	4413	4357	4171	3917	4716	0
4464	3805	4590	4417	4360	4172	3926	4716	0
4476	3804	4597	4419	4367	4169	3927	4716	0
4463	3801	4590	4416	4369	4167	3924	4716	0
4450	3802	4582	4414	4362	4169	3926	4716	0
4457	3803	4586	4423	4357	4170	3926	4716	0
4467	3803	4593	4429	4361	4170	3924	4716	0
4464	3809	4593	4424	4365	4172	3924	4716	0
4458	3814	4587	4420	4362	4174	3917	4716	0
4456	3809	4584	4419	4357	4172	3910	4716	0
4453	3803	4584	4414	4355	4169	3910	4716	0
4447	3803	4582	4412	4354	4168	3910	4716	0
4448	3801	4579	4416	4351	4169	3907	4716	0
4456	3800	4583	4422	4354	4172	3915	4716	0
4462	3808	4587	4424	4363	4172	3925	4716	0
4460	3809	4587	4420	4362	4170	3920	4716	0
4457	3802	4587	4413	4358	4169	3912	4717	0
4459	3801	4585	4414	4356	4169	3912	4716	0
4460	3803	4588	4421	4356	4169	3917	4716	0
4457	3799	4598	4421	4358	4170	3922	4716	0
4461	3805	4597	4418	4360	4169	3925	4717	0
4467	3817	4588	4418	4363	4174	3927	4718	0
4461	3812	4585	4415	4361	4181	3922	4717	0
4452	3801	4579	4412	4356	4175	3911	4717	0
4449	3800	4569	4413	4352	4169	3906	4716	0
4443	3802	4567	4412	4353	4168	3905	4716	0
4443	3801	4572	4410	4352	4170	3907	4715	0
4453	3801	4580	4412	4351	4176	3910	4716	0
4460	3802	4586	4414	4354	4176	3915	4717	0
4460	3803	4585	4413	4358	4172	3920	4717	0
4458	3801	4582	4415	4357	4171	3921	4716	0
4463	3800	4591	4421	4357	4170	3920	4716	0
4476	3809	4602	4419	4362	4168	3927	4718	0
4480	3815	4601	4412	4362	4171	3929	4717	0
4471	3812	4593	4412	4359	4172	3918	4715	0
4472	3808	4588	4416	4361	4170	3913	4716	0
4474	3804	4588	4416	4362	4170	3913	4716	0
4462	3802	4582	4412	4357	4170	3908	4717	0
4454	3801	4575	4413	4359	4170	3908	4718	0
4456	3799	4578	4418	4363	4170	3913	4718	0
4455	3805	4585	4417	4359	4174	3912	4716	0
4456	3814	4585	4411	4358	4177	3913	4716	0
4461	3809	4583	4411	4362	4173	3916	4717	0
4457	3798	4585	4418	4361	4166	3912	4716	0
4454	3804	4586	4421	4358	4173	3910	4716	0
4461	3813	4586	4415	4358	4183	3916	4716	0
4463	3809	4585	4410	4354	4177	3912	4716	0
4456	3801	4583	4412	4353	4167	3906	4717	0
4455	3801	4586	4413	4356	4168	3912	4717	0
4460	3805	4587	4412	4354	4172	3922	4716	0
4458	3802	4585	4413	4357	4169	3924	4718	0
4464	3798	4586	4415	4368	4170	3923	4719	0
4472	3809	4587	4417	4367	4176	3926	4716	0
4470	3816	4585	4416	4362	4176	3928	4717	0
4467	3809	4584	4415	4362	4171	3923	4718	0
4471	3807	4587	4420	4362	4169	3923	4717	0
4467	3809	4586	4417	4360	4173	3925	4717	0
4457	3803	4583	4413	4358	4174	3915	4718	0
4458	3804	4582	4420	4356	4169	3906	4718	0
4464	3808	4585	4421	4360	4174	3920	4718	0
4462	3805	4586	4414	4363	4181	3929	4718	0
4460	3803	4584	4412	4357	4177	3917	4718	0
4468	3811	4586	4412	4355	4175	3914	4718	0
4475	3813	4589	4411	4361	4176	3925	4718	0
4477	3812	4592	4418	4365	4173	3927	4717	0
4474	3815	4593	4422	4361	4171	3924	4716	0
4466	3808	4587	4414	4358	4172	3923	4716	0
4463	3802	4583	4417	4359	4175	3924	4717	0
4469	3812	4584	4425	4361	4183	3925	4717	0
4469	3819	4588	4422	4364	4180	3926	4716	0
4460	3805	4585	4414	4364	4167	3923	4716	0
4455	3797	4571	4413	4356	4168	3915	4718	0
4458	3804	4572	4415	4355	4174	3911	4716	0
4461	3805	4584	4418	4360	4170	3912	4714	0
4460	3799	4578	4418	4358	4170	3911	4716	0
4457	3798	4570	4412	4355	4181	3914	4717	0
4461	3809	4583	4412	4363	4184	3922	4716	0
4463	3814	4591	4415	4364	4180	3920	4716	0
4458	3804	4583	4414	4357	4179	3916	4717	0
4454	3797	4581	4414	4356	4175	3921	4716	0
4461	3810	4590	4422	4360	4173	3926	4717	0
4472	3817	4597	4428	4363	4183	3926	4716	0
4467	3810	4593	4423	4361	4184	3927	4716	0
4457	3812	4584	4415	4357	4180	3925	4717	0
4461	3814	4586	4418	4358	4185	3923	4717	0
4465	3808	4587	4424	4362	4185	3928	4717	0
4460	3808	4584	4418	4362	4178	3925	4715	0
4457	3816	4584	4410	4361	4181	3912	4712	0
4460	3816	4585	4410	4360	4183	3907	4713	0
4458	3809	4585	4415	4357	4184	3911	4717	0
4457	3808	4585	4416	4360	4184	3911	4718	0
4458	3812	4588	4416	4362	4183	3909	4716	0
4458	3813	4596	4419	4360	4182	3920	4716	0
4464	3814	4601	4424	4360	4183	3926	4716	0
4471	3813	4601	4421	4365	4183	3915	4716	0
4468	3806	4600	4413	4362	4183	3912	4717	0
4460	3803	4599	4414	4357	4181	3923	4717	0
4462	3812	4601	4418	4366	4181	3929	4717	0
4466	3816	4602	4415	4369	4184	3919	4717	0
4461	3812	4593	4416	4360	4183	3912	4718	0
4459	3814	4588	4421	4356	4181	3912	4718	0
4462	3815	4591	4422	4363	4183	3911	4718	0
4461	3811	4595	4428	4368	4187	3911	4718	0
4458	3810	4599	4434	4366	4189	3916	4718	0
4460	3813	4600	4427	4365	4184	3919	4718	0
4462	3816	4596	4415	4367	4180	3912	4717	0
4462	3818	4595	4411	4367	4184	3911	4716	0
4460	3812	4594	4412	4362	4182	3912	4716	0
4459	3801	4590	4413	4361	4175	3909	4716	0
4460	3802	4588	4410	4365	4177	3906	4716	0
4460	3815	4593	4410	4367	4185	3908	4715	0
4469	3818	4600	4420	4369	4185	3920	4715	0
4474	3812	4603	4426	4369	4183	3926	4717	0
4466	3814	4602	4420	4369	4184	3918	4717	0
4460	3815	4596	4418	4369	4184	3911	4715	0
4458	3809	4590	4420	4368	4184	3909	4715	0
4454	3809	4588	4420	4365	4184	3905	4717	0
4454	3814	4590	4422	4364	4184	3907	4716	0
4460	3812	4588	4425	4366	4183	3912	4716	0
4453	3809	4584	4420	4365	4182	3907	4718	0
4450	3813	4584	4416	4365	4182	3904	4717	0
4457	3816	4591	4420	4368	4183	3910	4717	0
4458	3814	4598	4422	4369	4182	3911	4717	0
4456	3813	4602	4421	4366	4183	3908	4717	0
4458	3814	4600	4418	4365	4184	3909	4715	0
4458	3815	4598	4414	4366	4178	3909	4715	0
4458	3814	4601	4417	4366	4176	3910	4717	0
4456	3806	4598	4423	4367	4181	3907	4717	0
4451	3798	4590	4417	4366	4182	3898	4715	0
4453	3807	4591	4409	4367	4181	3901	4715	0
4457	3816	4594	4412	4367	4183	3905	4717	0
4453	3811	4590	4413	4367	4184	3902	4717	0
4454	3810	4588	4408	4368	4184	3905	4715	0
4462	3810	4591	4405	4369	4185	3908	4715	0
4455	3803	4586	4406	4365	4182	3897	4716	0
4443	3797	4581	4407	4358	4178	3891	4717	0
4448	3807	4584	4406	4363	4182	3902	4717	0
4460	3817	4587	4402	4371	4184	3909	4716	0
4460	3809	4588	4403	4369	4173	3908	4716	0
4455	3802	4591	4407	4364	4172	3907	4717	0
4456	3809	4595	4410	4366	4183	3910	4715	0
4455	3807	4593	4411	4368	4187	3912	4714	0
4455	3801	4594	4412	4365	4182	3910	4715	0
4462	3810	4602	4417	4367	4174	3913	4717	0
4464	3818	4601	4423	4370	4172	3912	4715	0
4456	3814	4591	4420	4369	4178	3907	4714	0
4454	3811	4586	4416	4366	4185	3908	4716	0
4456	3810	4584	4420	4365	4180	3906	4717	0
4452	3804	4584	4424	4361	4174	3897	4717	0
4450	3802	4585	4415	4362	4177	3896	4715	0
4452	3803	4580	4410	4365	4184	3898	4716	0
4451	3802	4576	4414	4363	4184	3895	4717	0
4452	3802	4580	4414	4363	4180	3898	4716	0
4460	3810	4587	4410	4367	4182	3907	4716	0
4462	3812	4592	4417	4368	4185	3911	4717	0
4458	3806	4598	4428	4365	4183	3911	4716	0
4461	3810	4602	4427	4365	4182	3911	4716	0
4465	3818	4603	4425	4371	4183	3915	4716	0
4464	3813	4603	4424	4375	4182	3918	4716	0
4454	3803	4592	4423	4367	4181	3916	4716	0
4448	3801	4582	4420	4360	4182	3906	4715	0
4447	3805	4585	4416	4366	4175	3897	4715	0
4445	3802	4585	4417	4366	4167	3897	4716	0
4450	3799	4578	4424	4362	4174	3903	4717	0
4461	3810	4588	4430	4366	4186	3909	4717	0
4464	3817	4601	4426	4367	4187	3913	4716	0
4457	3806	4591	4421	4365	4182	3914	4716	0
4456	3804	4584	4421	4367	4182	3913	4717	0
4458	3814	4595	4426	4369	4185	3913	4717	0
4459	3810	4603	4429	4367	4183	3915	4716	0
4456	3802	4598	4428	4365	4181	3920	4715	0
4458	3811	4599	4430	4366	4181	3928	4716	0
4467	3817	4608	4430	4372	4184	3927	4717	0
4467	3814	4609	4427	4371	4186	3926	4717	0
4463	3815	4604	4428	4366	4181	3925	4716	0
4464	3817	4599	4429	4368	4172	3917	4717	0
4465	3812	4591	4427	4371	4175	3908	4717	0
4460	3803	4587	4425	4366	4183	3909	4716	0
4457	3803	4587	4427	4362	4183	3912	4717	0
4460	3813	4590	4426	4366	4182	3913	4717	0
4462	3818	4591	4421	4371	4185	3912	4716	0
4458	3812	4585	4417	4367	4185	3910	4716	0
4453	3804	4582	4416	4360	4180	3912	4717	0
4459	3808	4592	4414	4364	4181	3918	4716	0
4467	3812	4597	4413	4369	4182	3918	4716	0
4461	3804	4592	4413	4365	4175	3912	4717	0
4455	3802	4598	4416	4364	4174	3907	4716	0
4464	3816	4602	4425	4367	4182	3910	4716	0
4474	3820	4600	4425	4367	4184	3920	4716	0
4470	3809	4601	4420	4366	4182	3920	4717	0
4456	3801	4593	4421	4365	4184	3911	4717	0
4454	3803	4583	4423	4365	4184	3910	4716	0
4457	3812	4585	4420	4366	4183	3916	4717	0
4457	3818	4587	4418	4366	4185	3914	4717	0
4455	3813	4583	4420	4366	4183	3905	4716	0
4454	3804	4583	4420	4366	4182	3901	4716	0
4455	3804	4584	4419	4365	4184	3906	4716	0
4461	3809	4584	4418	4366	4175	3911	4716	0
4457	3807	4584	4413	4366	4170	3909	4717	0
4446	3805	4583	4412	4362	4180	3907	4715	0
4449	3811	4589	4418	4362	4188	3910	4713	0
4460	3815	4592	4422	4365	4178	3909	4716	0
4461	3814	4592	4422	4366	4172	3909	4717	0
4460	3814	4597	4427	4367	4181	3918	4716	0
4462	3813	4595	4431	4367	4186	3921	4716	0
4460	3813	4585	4426	4366	4182	3914	4715	0
4453	3812	4582	4424	4364	4180	3911	4715	0
4454	3813	4587	4427	4366	4182	3914	4717	0
4459	3817	4585	4428	4368	4183	3911	4716	0
4454	3812	4582	4426	4367	4180	3902	4715	0
4448	3800	4583	4422	4366	4171	3900	4716	0
4455	3805	4584	4423	4367	4173	3906	4715	0
4458	3816	4586	4425	4365	4183	3910	4716	0
4452	3811	4584	4422	4362	4183	3908	4717	0
4455	3807	4586	4424	4365	4181	3908	4716	0
4458	3813	4587	4423	4367	4182	3912	4716	0
4454	3811	4584	4415	4364	4181	3911	4716	0
4456	3803	4583	4419	4364	4182	3911	4716	0
4461	3807	4588	4429	4369	4184	3914	4717	0
4457	3814	4589	4427	4368	4182	3913	4717	0
4456	3814	4586	4426	4366	4181	3912	4717	0
4461	3813	4586	4430	4367	4186	3913	4717	0
4456	3812	4587	4428	4366	4181	3910	4717	0
4453	3815	4586	4427	4364	4175	3908	4717	0
4456	3816	4583	4426	4365	4181	3911	4717	0
4455	3809	4585	4428	4364	4183	3912	4717	0
4451	3801	4585	4428	4361	4174	3908	4717	0
4446	3800	4575	4423	4364	4168	3901	4717	0
4446	3808	4573	4423	4367	4174	3901	4717	0
4454	3815	4584	4424	4366	4183	3910	4717	0
4456	3815	4588	4418	4367	4183	3914	4717	0
4453	3814	4586	4412	4367	4182	3911	4717	0
4455	3812	4587	4412	4365	4182	3911	4717	0
4462	3808	4587	4416	4368	4176	3914	4717	0
4462	3801	4586	4416	4368	4170	3912	4717	0
4453	3800	4581	4406	4358	4168	3907	4717	0
4448	3808	4575	4403	4355	4170	3908	4717	0
4453	3813	4580	4412	4363	4176	3912	4717	0
4460	3815	4585	4414	4365	4185	3911	4717	0
4459	3813	4584	4411	4362	4183	3907	4717	0
4452	3808	4581	4413	4360	4171	3901	4717	0
4447	3809	4578	4413	4362	4171	3900	4717	0
4450	3813	4580	4411	4366	4181	3907	4717	0
4457	3815	4584	4413	4367	4188	3914	4717	0
4457	3814	4585	4414	4364	4184	3915	4717	0
4455	3810	4584	4411	4365	4176	3913	4717	0
4456	3806	4587	4410	4368	4170	3911	4717	0
4456	3812	4591	4417	4365	4169	3914	4717	0
4466	3820	4599	4428	4367	4177	3926	4716	0
4472	3816	4604	4426	4374	4184	3931	4718	0
4464	3813	4596	4418	4372	4180	3925	4717	0
4457	3818	4590	4420	4367	4174	3917	4714	0
4454	3815	4589	4422	4366	4171	3911	4715	0
4446	3804	4585	4414	4363	4170	3908	4717	0
4446	3805	4581	4416	4360	4175	3908	4716	0
4452	3815	4583	4423	4365	4175	3912	4715	0
4450	3811	4583	4421	4368	4172	3913	4716	0
4449	3807	4581	4418	4364	4180	3911	4717	0
4454	3814	4585	4425	4365	4187	3912	4716	0
4453	3815	4584	4428	4367	4180	3917	4716	0
4457	3813	4583	4424	4364	4178	3923	4717	0
4464	3815	4593	4428	4367	4185	3930	4717	0
4461	3817	4602	4431	4375	4182	3930	4715	0
4460	3817	4601	4431	4375	4180	3924	4715	0
4463	3816	4601	4431	4369	4184	3926	4717	0
4460	3814	4600	4431	4372	4181	3930	4717	0
4453	3814	4590	4428	4370	4174	3922	4716	0
4452	3815	4582	4422	4363	4178	3909	4716	0
4455	3815	4583	4426	4363	4183	3911	4715	0
4455	3814	4585	4431	4369	4182	3915	4716	0
4450	3814	4583	4425	4366	4181	3912	4716	0
4447	3814	4583	4417	4363	4180	3910	4713	0
4444	3814	4582	4422	4364	4176	3912	4713	0
4444	3814	4582	4427	4367	4171	3913	4717	0
4451	3815	4584	4425	4367	4171	3915	4717	0
4456	3815	4586	4425	4365	4177	3919	4714	0
4454	3814	4586	4423	4366	4176	3918	4715	0
4455	3813	4586	4422	4366	4168	3913	4716	0
4456	3808	4586	4422	4364	4168	3912	4716	0
4450	3801	4584	4418	4366	4173	3911	4717	0
4450	3801	4586	4421	4367	4169	3908	4716	0
4450	3804	4587	4426	4358	4169	3911	4716	0
4444	3802	4577	4421	4355	4171	3910	4716	0
4440	3799	4568	4414	4360	4169	3896	4716	0
4448	3802	4571	4420	4366	4170	3898	4716	0
4454	3805	4573	4422	4365	4173	3909	4716	0
4449	3801	4567	4414	4357	4171	3904	4716	0
4447	3801	4572	4414	4356	4169	3897	4716	0
4452	3810	4584	4423	4364	4172	3907	4716	0
4454	3811	4584	4427	4366	4172	3915	4716	0
4453	3805	4581	4425	4362	4169	3912	4716	0
4455	3807	4585	4425	4365	4171	3909	4716	0
4458	3814	4587	4426	4368	4174	3909	4716	0
4458	3814	4585	4424	4364	4168	3912	4716	0
4459	3811	4583	4425	4364	4170	3911	4716	0
4463	3816	4584	4427	4369	4181	3910	4716	0
4462	3814	4585	4426	4366	4178	3913	4716	0
4458	3804	4584	4426	4362	4167	3913	4716	0
4464	3805	4584	4429	4367	4168	3911	4716	0
4467	3813	4585	4423	4370	4173	3911	4716	0
4465	3811	4585	4413	4364	4171	3912	4717	0
4467	3812	4586	4418	4365	4171	3913	4716	0
4471	3814	4586	4426	4370	4173	3914	4717	0
4469	3805	4585	4424	4366	4171	3914	4717	0
4465	3806	4586	4425	4365	4170	3911	4713	0
4462	3816	4584	4427	4367	4173	3910	4715	0
4460	3814	4583	4423	4364	4171	3909	4717	0
4463	3813	4586	4423	4367	4171	3913	4714	0
4467	3816	4586	4426	4370	4177	3917	4713	0
4472	3815	4583	4426	4367	4176	3914	4717	0
4475	3812	4593	4426	4372	4170	3917	4718	0
4476	3814	4602	4429	4376	4170	3928	4716	0
4474	3816	4594	4429	4371	4176	3931	4716	0
4472	3815	4592	4428	4372	4179	3926	4716	0
4475	3814	4596	4429	4374	4177	3926	4716	0
4473	3813	4587	4429	4369	4172	3928	4716	0
4461	3814	4578	4427	4366	4168	3917	4715	0
4461	3816	4584	4426	4369	4169	3909	4717	0
4473	3816	4587	4429	4369	4174	3918	4718	0
4470	3813	4577	4429	4368	4176	3918	4716	0
4456	3812	4571	4426	4367	4171	3909	4716	0
4456	3812	4577	4426	4369	4168	3917	4717	0
4467	3809	4588	4428	4370	4173	3923	4716	0
4472	3809	4588	4429	4365	4171	3915	4716	0
4474	3814	4584	4428	4364	4169	3920	4716	0
4475	3817	4592	4427	4370	4171	3930	4717	0
4476	3816	4602	4433	4371	4171	3927	4717	0
4479	3813	4597	4442	4369	4171	3928	4717	0
4475	3813	4587	4435	4369	4171	3930	4716	0
4465	3814	4582	4423	4367	4171	3922	4716	0
4458	3809	4577	4423	4365	4170	3911	4716	0
4463	3805	4571	4427	4364	4171	3909	4716	0
4465	3804	4571	4426	4364	4170	3911	4716	0
4460	3802	4572	4427	4365	4171	3912	4716	0
4458	3805	4570	4430	4364	4172	3912	4718	0
4466	3808	4572	4428	4365	4170	3914	4718	0
4470	3808	4577	4427	4366	4168	3919	4717	0
4465	3805	4575	4429	4365	4169	3919	4716	0
4467	3805	4577	4428	4365	4170	3915	4716	0
4470	3802	4578	4425	4365	4169	3912	4717	0
4466	3798	4576	4425	4363	4170	3911	4716	0
4471	3809	4583	4427	4365	4172	3921	4715	0
4477	3818	4589	4428	4368	4173	3928	4715	0
4468	3810	4577	4428	4368	4172	3918	4717	0
4458	3800	4566	4426	4365	4169	3909	4718	0
4458	3804	4570	4424	4358	4168	3910	4718	0
4456	3805	4569	4425	4355	4169	3908	4718	0
4460	3802	4567	4430	4362	4169	3910	4718	0
4463	3804	4570	4431	4367	4169	3915	4718	0
4460	3803	4571	4422	4361	4170	3911	4718	0
4455	3800	4567	4416	4352	4169	3906	4718	0
4456	3802	4566	4424	4355	4169	3908	4718	0
4467	3807	4573	4431	4362	4172	3915	4718	0
4477	3806	4584	4426	4363	4172	3926	4718	0
4472	3804	4587	4420	4361	4170	3927	4718	0
4459	3803	4583	4418	4360	4168	3912	4718	0
4465	3808	4585	4417	4363	4169	3914	4718	0
4474	3815	4587	4418	4363	4171	3926	4718	0
4463	3809	4578	4417	4360	4171	3917	4718	0
4457	3799	4573	4414	4360	4169	3907	4718	0
4472	3805	4576	4415	4363	4169	3910	4718	0
4476	3809	4581	4416	4360	4170	3908	4718	0
4471	3800	4581	4414	4358	4170	3907	4718	0
4472	3800	4574	4415	4358	4170	3913	4717	0
4456	3804	4560	4409	4350	4168	3904	4718	0
4435	3798	4548	4394	4343	4168	3888	4717	0
4443	3800	4552	4392	4343	4167	3891	4716	0
4463	3803	4565	4403	4347	4158	3900	4717	0
4466	3802	4573	4403	4351	4151	3900	4718	0
4456	3800	4567	4399	4351	4153	3901	4717	0
4460	3797	4567	4404	4352	4153	3906	4717	0
4475	3801	4585	4414	4359	4160	3911	4717	0
4476	3802	4589	4413	4361	4169	3914	4717	0
4456	3788	4570	4402	4353	4158	3902	4717	0
4451	3784	4561	4396	4346	4152	3892	4716	0
4461	3797	4568	4405	4347	4165	3895	4716	0
4461	3798	4570	4413	4351	4161	3892	4717	0
4453	3791	4564	4411	4350	4153	3883	4716	0
4456	3796	4565	4409	4351	4165	3890	4716	0
4468	3803	4570	4412	4358	4170	3897	4717	0
4469	3798	4569	4410	4362	4162	3894	4716	0
4462	3796	4566	4407	4363	4164	3895	4716	0
4469	3799	4571	4410	4365	4168	3900	4716	0
4469	3798	4573	4414	4358	4166	3895	4716	0
4456	3795	4566	4410	4353	4165	3894	4717	0
4462	3795	4566	4412	4360	4166	3900	4717	0
4481	3802	4575	4422	4363	4167	3902	4716	0
4474	3801	4571	4418	4358	4166	3901	4718	0
4465	3797	4564	4410	4363	4166	3905	4719	0
4479	3801	4576	4422	4369	4167	3914	4717	0
4486	3802	4581	4430	4365	4166	3911	4716	0
4483	3801	4572	4421	4365	4164	3909	4716	0
4485	3802	4572	4421	4367	4167	3914	4717	0
4480	3800	4575	4424	4363	4168	3908	4716	0
4467	3798	4567	4420	4357	4163	3897	4716	0
4471	3800	4568	4421	4359	4162	3900	4717	0
4489	3802	4581	4428	4366	4169	3911	4717	0
4494	3802	4587	4431	4374	4170	3922	4717	0
4491	3801	4583	4429	4375	4167	3922	4717	0
4488	3800	4574	4424	4369	4167	3911	4718	0
4490	3801	4576	4422	4369	4167	3911	4718	0
4492	3802	4586	4427	4370	4166	3918	4718	0
4490	3800	4587	4428	4368	4168	3918	4718	0
4489	3801	4581	4424	4367	4170	3920	4718	0
4492	3803	4587	4428	4371	4170	3926	4718	0
4495	3804	4600	4433	4376	4169	3926	4717	0
4488	3802	4597	4428	4378	4169	3922	4716	0
4482	3802	4585	4421	4379	4167	3921	4717	0
4481	3801	4581	4419	4375	4167	3922	4718	0
4481	3800	4584	4416	4373	4168	3923	4718	0
4482	3800	4586	4412	4377	4168	3924	4716	0
4481	3800	4582	4410	4378	4168	3922	4717	0
4475	3800	4582	4406	4376	4169	3915	4718	0
4470	3800	4582	4403	4376	4167	3909	4718	0
4465	3799	4571	4400	4374	4164	3903	4718	0
4458	3798	4566	4395	4367	4166	3898	4718	0
4461	3800	4579	4401	4367	4169	3903	4718	0
4464	3800	4586	4409	4370	4160	3912	4717	0
4459	3800	4580	4408	4364	4153	3905	4718	0
4461	3801	4576	4406	4362	4162	3896	4720	0
4462	3796	4572	4409	4367	4173	3902	4720	0
4455	3794	4567	4411	4365	4166	3909	4718	0
4450	3797	4566	4412	4356	4155	3907	4717	0
4456	3800	4568	4412	4360	4161	3907	4716	0
4466	3799	4572	4415	4368	4160	3913	4716	0
4457	3798	4571	4414	4362	4155	3903	4717	0
4442	3798	4565	4405	4350	4162	3889	4718	0
4444	3798	4562	4404	4349	4162	3894	4717	0
4445	3797	4558	4411	4349	4153	3896	4718	0
4436	3797	4557	4416	4346	4161	3890	4720	0
4453	3801	4573	4419	4356	4173	3903	4718	0
4469	3804	4585	4418	4366	4163	3914	4717	0
4447	3800	4572	4411	4358	4151	3898	4718	0
4429	3796	4561	4412	4345	4153	3887	4717	0
4443	3798	4567	4422	4345	4162	3896	4717	0
4451	3800	4572	4423	4358	4168	3900	4717	0
4442	3798	4566	4418	4364	4163	3892	4718	0
4440	3798	4567	4417	4361	4156	3893	4717	0
4449	3800	4574	4420	4361	4154	3901	4717	0
4454	3800	4573	4416	4366	4157	3898	4717	0
4460	3802	4576	4414	4369	4165	3902	4717	0
4461	3803	4583	4422	4367	4169	3911	4717	0
4453	3800	4575	4422	4364	4166	3906	4717	0
4450	3800	4568	4416	4366	4164	3900	4718	0
4458	3803	4581	4418	4369	4169	3908	4717	0
4462	3803	4589	4421	4368	4170	3913	4716	0
4460	3803	4585	4422	4371	4169	3911	4716	0
4461	3803	4585	4423	4375	4169	3915	4717	0
4466	3804	4591	4422	4372	4168	3915	4718	0
4470	3809	4596	4422	4371	4166	3918	4717	0
4469	3808	4595	4424	4375	4169	3926	4717	0
4464	3800	4585	4421	4375	4171	3926	4717	0
4465	3802	4585	4423	4374	4169	3922	4717	0
4467	3808	4589	4430	4369	4174	3918	4717	0
4460	3804	4585	4427	4364	4180	3911	4717	0
4457	3800	4583	4424	4365	4173	3909	4717	0
4463	3805	4585	4427	4369	4165	3913	4717	0
4463	3806	4586	4423	4369	4167	3909	4717	0
4461	3802	4585	4420	4367	4168	3909	4717	0
4461	3802	4584	4423	4367	4167	3918	4717	0
4462	3805	4584	4424	4369	4168	3922	4717	0
4462	3805	4586	4424	4369	4168	3922	4717	0
4461	3802	4587	4425	4367	4169	3925	4717	0
4463	3801	4587	4423	4373	4170	3922	4717	0
4467	3802	4587	4415	4390	4168	3914	4717	0
4463	3803	4588	4416	4402	4167	3915	4717	0
4457	3801	4586	4427	4401	4168	3916	4718	0
4456	3800	4581	4425	4393	4168	3907	4717	0
4457	3803	4582	4415	4388	4169	3910	4717	0
4456	3803	4584	4418	4391	4170	3916	4718	0
4456	3800	4574	4419	4390	4170	3906	4716	0
4460	3806	4574	4412	4385	4169	3900	4716	0
4460	3809	4584	4415	4385	4169	3906	4717	0
4445	3800	4575	4418	4381	4167	3901	4718	0
4437	3797	4564	4410	4376	4167	3891	4716	0
4442	3803	4568	4409	4374	4167	3895	4716	0
4447	3803	4575	4412	4373	4169	3900	4716	0
4446	3798	4572	4410	4374	4168	3893	4717	0
4447	3801	4573	4411	4377	4167	3893	4718	0
4451	3802	4580	4412	4377	4168	3903	4719	0
4456	3802	4584	4410	4372	4169	3905	4718	0
4456	3802	4577	4411	4373	4167	3897	4718	0
4448	3800	4569	4415	4375	4168	3897	4717	0
4445	3801	4570	4409	4373	4170	3902	4717	0
4444	3803	4569	4399	4366	4169	3895	4718	0
4442	3801	4568	4404	4366	4167	3890	4717	0
4446	3800	4572	4413	4369	4168	3892	4717	0
4448	3803	4570	4411	4365	4168	3892	4717	0
4449	3802	4571	4410	4366	4169	3896	4717	0
4446	3801	4572	4413	4368	4169	3896	4718	0
4441	3800	4568	4412	4363	4167	3892	4717	0
4450	3801	4575	4411	4365	4169	3900	4715	0
4467	3808	4588	4412	4375	4172	3912	4716	0
4467	3810	4590	4414	4375	4170	3914	4718	0
4458	3802	4585	4415	4370	4167	3909	4717	0
4461	3802	4586	4412	4372	4170	3908	4716	0
4463	3802	4585	4411	4371	4170	3912	4717	0
4457	3803	4584	4411	4369	4167	3907	4716	0
4457	3812	4582	4412	4371	4169	3898	4715	0
4460	3814	4575	4412	4371	4170	3896	4715	0
4457	3804	4571	4411	4368	4166	3896	4716	0
4457	3802	4574	4411	4367	4167	3897	4717	0
4460	3809	4577	4414	4370	4169	3907	4717	0
4460	3806	4573	4414	4372	4169	3908	4716	0
4460	3798	4570	4412	4371	4168	3902	4716	0
4461	3806	4572	4411	4369	4169	3902	4717	0
4457	3813	4572	4411	4368	4169	3901	4716	0
4458	3804	4574	4412	4368	4168	3903	4715	0
4466	3801	4581	4415	4369	4168	3911	4716	0
4472	3815	4587	4417	4374	4169	3915	4717	0
4471	3818	4586	4414	4378	4169	3915	4715	0
4464	3804	4575	4412	4374	4168	3910	4716	0
4461	3800	4573	4413	4367	4169	3901	4717	0
4466	3808	4578	4413	4367	4168	3900	4716	0
4467	3812	4583	4412	4369	4167	3901	4716	0
4463	3811	4581	4414	4365	4168	3894	4718	0
4462	3804	4576	4413	4366	4169	3894	4718	0
4461	3803	4569	4410	4368	4169	3902	4716	0
4460	3811	4568	4408	4367	4169	3902	4716	0
4458	3811	4571	4404	4367	4170	3897	4717	0
4460	3801	4568	4402	4367	4170	3895	4716	0
4469	3801	4567	4407	4368	4168	3899	4716	0
4476	3807	4581	4412	4370	4167	3907	4716	0
4476	3804	4586	4409	4368	4167	3910	4716	0
4471	3802	4572	4406	4366	4166	3904	4717	0
4466	3802	4568	4409	4369	4165	3901	4716	0
4470	3803	4580	4413	4370	4168	3908	4716	0
4475	3808	4585	4413	4370	4171	3911	4717	0
4473	3813	4583	4414	4376	4168	3909	4717	0
4470	3815	4579	4415	4376	4167	3905	4715	0
4470	3810	4576	4413	4368	4169	3898	4714	0
4471	3811	4579	4412	4368	4169	3894	4716	0
4475	3817	4579	4411	4373	4169	3903	4717	0
4470	3813	4574	4411	4370	4169	3912	4716	0
4461	3804	4573	4410	4365	4169	3906	4716	0
4457	3798	4571	4404	4369	4169	3892	4716	0
4458	3797	4571	4403	4369	4169	3897	4716	0
4465	3804	4580	4412	4368	4169	3910	4716	0
4473	3814	4586	4413	4374	4169	3910	4716	0
4474	3816	4586	4410	4374	4169	3910	4717	0
4472	3812	4586	4410	4369	4169	3912	4717	0
4474	3814	4587	4411	4373	4169	3910	4716	0
4472	3815	4588	4411	4375	4169	3908	4718	0
4468	3811	4585	4412	4372	4170	3908	4718	0
4469	3812	4582	4413	4370	4168	3907	4716	0
4475	3817	4583	4412	4372	4171	3909	4715	0
4476	3816	4586	4412	4374	4180	3912	4717	0
4468	3811	4584	4412	4376	4176	3912	4718	0
4465	3815	4583	4409	4373	4168	3910	4717	0
4467	3814	4584	4408	4371	4171	3909	4716	0
4466	3805	4585	4410	4371	4173	3912	4716	0
4466	3808	4583	4411	4369	4170	3911	4715	0
4474	3817	4585	4413	4369	4169	3910	4717	0
4479	3816	4595	4415	4374	4173	3920	4717	0
4478	3814	4603	4414	4377	4172	3925	4715	0
4477	3818	4600	4411	4377	4169	3916	4717	0
4474	3816	4600	4413	4378	4172	3913	4718	0
4472	3814	4599	4414	4377	4175	3914	4717	0
4473	3817	4591	4411	4371	4170	3910	4715	0
4473	3815	4586	4413	4366	4168	3908	4715	0
4470	3814	4586	4411	4368	4170	3910	4716	0
4468	3814	4582	4408	4373	4175	3908	4717	0
4474	3817	4581	4407	4375	4180	3910	4716	0
4481	3819	4588	4407	4373	4176	3913	4716	0
4471	3814	4586	4409	4368	4168	3909	4717	0
4461	3810	4577	4409	4366	4166	3902	4717	0
4469	3814	4580	4405	4371	4173	3904	4716	0
4482	3818	4587	4402	4377	4181	3907	4716	0
4477	3815	4588	4404	4373	4175	3902	4716	0
4472	3814	4586	4406	4367	4166	3903	4716	0
4478	3816	4586	4410	4370	4169	3910	4716	0
4480	3816	4589	4412	4371	4170	3911	4717	0
4476	3815	4592	4408	4367	4169	3911	4717	0
4475	3814	4590	4409	4370	4182	3915	4717	0
4484	3816	4584	4411	4375	4185	3914	4717	0
4487	3818	4586	4409	4374	4172	3912	4716	0
4476	3817	4587	4404	4367	4167	3905	4716	0
4470	3814	4579	4403	4364	4169	3892	4716	0
4474	3813	4575	4404	4367	4169	3894	4715	0
4475	3814	4581	4402	4369	4169	3908	4717	0
4464	3813	4577	4400	4367	4171	3904	4715	0
4459	3814	4573	4402	4367	4171	3896	4714	0
4465	3814	4580	4407	4367	4170	3900	4716	0
4475	3814	4588	4411	4368	4170	3902	4715	0
4482	3815	4586	4408	4371	4169	3904	4714	0
4485	3815	4581	4400	4369	4170	3907	4716	0
4495	3814	4588	4399	4370	4172	3910	4718	0
4509	3814	4598	4408	4375	4168	3914	4717	0
4513	3816	4595	4409	4377	4172	3917	4716	0
4509	3818	4586	4407	4374	4182	3915	4715	0
4503	3816	4583	4405	4371	4177	3911	4716	0
4502	3815	4581	4401	4369	4168	3908	4717	0
4499	3816	4577	4398	4367	4170	3901	4715	0
4494	3814	4573	4400	4368	4171	3897	4716	0
4496	3813	4571	4400	4369	4170	3902	4716	0
4497	3813	4569	4396	4366	4172	3907	4716	0
4493	3811	4569	4401	4364	4170	3902	4715	0
4497	3812	4577	4405	4367	4170	3902	4716	0
4507	3816	4586	4401	4368	4172	3908	4716	0
4509	3816	4590	4396	4369	4171	3911	4716	0
4511	3816	4599	4403	4377	4177	3915	4716	0
4506	3817	4597	4409	4378	4177	3919	4716	0
4490	3816	4582	4401	4370	4169	3911	4716	0
4485	3815	4577	4392	4367	4167	3908	4716	0
4489	3815	4584	4397	4370	4170	3913	4716	0
4488	3813	4583	4406	4370	4170	3912	4716	0
4483	3813	4577	4402	4371	4170	3910	4716	0
4480	3815	4571	4394	4368	4169	3907	4716	0
4477	3814	4569	4393	4365	4168	3898	4716	0
4476	3813	4572	4396	4364	4169	3895	4716	0
4476	3815	4571	4397	4364	4169	3896	4716	0
4477	3815	4568	4397	4363	4168	3895	4716	0
4476	3811	4569	4398	4364	4168	3894	4716	0
4477	3811	4571	4398	4366	4169	3896	4716	0
4479	3815	4573	4400	4368	4171	3900	4716	0
4477	3817	4570	4395	4367	4170	3897	4716	0
4474	3814	4569	4394	4366	4169	3895	4716	0
4474	3809	4570	4394	4364	4168	3896	4716	0
4475	3809	4568	4389	4365	4168	3898	4716	0
4476	3813	4569	4387	4368	4170	3897	4716	0
4475	3814	4570	4395	4369	4170	3897	4716	0
4477	3813	4570	4400	4367	4169	3897	4716	0
4481	3816	4573	4392	4368	4168	3896	4717	0
4473	3816	4570	4387	4364	4167	3891	4716	0
4462	3810	4561	4386	4358	4167	3885	4716	0
4458	3803	4561	4387	4361	4168	3881	4717	0
4457	3796	4563	4388	4362	4166	3877	4714	0
4460	3803	4563	4388	4356	4165	3883	4713	0
4472	3816	4568	4387	4360	4169	3896	4716	0
4474	3817	4573	4383	4369	4168	3899	4718	0
4465	3811	4568	4382	4365	4164	3892	4717	0
4469	3812	4567	4387	4362	4165	3893	4717	0
4478	3816	4578	4391	4368	4169	3905	4717	0
4477	3815	4583	4390	4367	4168	3909	4715	0
4473	3812	4575	4384	4362	4166	3900	4715	0
4474	3814	4571	4384	4363	4167	3894	4717	0
4471	3811	4574	4389	4364	4168	3896	4714	0
4463	3808	4570	4387	4358	4166	3892	4709	0
4460	3812	4565	4382	4359	4166	3889	4712	0
4463	3809	4568	4386	4360	4166	3892	4717	0
4463	3799	4569	4391	4358	4165	3892	4716	0
4458	3805	4566	4387	4363	4166	3892	4715	0
4462	3818	4567	4387	4368	4169	3897	4717	0
4473	3818	4576	4392	4367	4170	3905	4716	0
4480	3814	4586	4393	4367	4170	3910	4715	0
4478	3816	4586	4395	4368	4169	3912	4715	0
4475	3815	4582	4399	4370	4168	3910	4716	0
4475	3814	4584	4395	4369	4168	3909	4717	0
4477	3814	4587	4391	4365	4169	3910	4716	0
4476	3816	4585	4392	4367	4168	3907	4717	0
4471	3814	4577	4391	4367	4166	3899	4717	0
4462	3811	4570	4387	4362	4167	3894	4716	0
4457	3810	4570	4386	4359	4168	3895	4716	0
4465	3812	4574	4390	4363	4169	3896	4717	0
4470	3813	4577	4393	4366	4170	3893	4716	0
4466	3817	4582	4390	4366	4169	3897	4717	0
4467	3816	4584	4389	4366	4168	3906	4717	0
4469	3809	4577	4391	4362	4169	3901	4716	0
4465	3808	4571	4390	4360	4169	3893	4716	0
4465	3815	4580	4385	4363	4167	3901	4717	0
4475	3817	4587	4385	4367	4167	3911	4716	0
4477	3814	4584	4390	4368	4168	3909	4716	0
4475	3814	4584	4392	4369	4168	3905	4716	0
4475	3815	4587	4390	4366	4168	3909	4717	0
4475	3815	4584	4386	4364	4170	3911	4718	0
4475	3814	4584	4387	4367	4170	3910	4716	0
4475	3814	4586	4393	4366	4168	3908	4715	0
4472	3816	4584	4396	4363	4169	3904	4717	0
4462	3810	4574	4388	4366	4169	3898	4716	0
4457	3802	4568	4383	4364	4169	3895	4714	0
4463	3805	4572	4387	4358	4168	3895	4716	0
4463	3814	4572	4389	4361	4169	3895	4717	0
4458	3814	4567	4383	4364	4170	3896	4718	0
4465	3810	4578	4381	4365	4169	3906	4718	0
4471	3808	4586	4386	4368	4171	3914	4716	0
4464	3804	4572	4385	4362	4172	3907	4716	0
4457	3803	4573	4380	4353	4170	3897	4717	0
4463	3806	4586	4387	4355	4168	3896	4716	0
4467	3805	4580	4393	4360	4165	3898	4713	0
4456	3798	4566	4381	4358	4166	3892	4715	0
4446	3795	4562	4371	4354	4166	3886	4718	0
4446	3800	4557	4372	4353	4160	3881	4717	0
4442	3798	4549	4373	4349	4152	3871	4716	0
4430	3790	4541	4367	4345	4153	3862	4718	0
4424	3789	4534	4355	4340	4153	3860	4716	0
4426	3789	4535	4354	4336	4150	3860	4710	0
4435	3785	4538	4366	4341	4151	3864	4713	0
4443	3787	4542	4367	4347	4154	3874	4716	0
4427	3789	4534	4354	4341	4153	3870	4712	0
4413	3784	4520	4350	4328	4150	3848	4711	0
4427	3780	4528	4355	4335	4149	3846	4717	0
4431	3784	4540	4357	4344	4150	3857	4717	0
4423	3793	4534	4355	4334	4149	3852	4715	0
4438	3802	4535	4350	4334	4150	3849	4716	0
4436	3795	4535	4343	4344	4151	3852	4717	0
4408	3783	4521	4338	4334	4152	3842	4715	0
4404	3786	4515	4340	4319	4152	3829	4712	0
4416	3785	4518	4341	4319	4148	3829	4710	0
4416	3785	4522	4337	4325	4150	3834	4710	0
4422	3795	4532	4333	4329	4152	3842	4711	0
4428	3793	4531	4333	4333	4141	3846	4711	0
4427	3785	4527	4335	4333	4135	3845	4712	0
4433	3791	4534	4334	4337	4148	3847	4711	0
4442	3800	4536	4333	4342	4155	3851	4709	0
4452	3799	4540	4337	4343	4151	3854	4712	0
4464	3802	4551	4341	4348	4153	3863	4715	0
4458	3802	4544	4337	4354	4156	3868	4714	0
4452	3797	4533	4336	4351	4154	3864	4715	0
4456	3798	4536	4338	4345	4153	3859	4716	0
4452	3798	4536	4336	4349	4152	3860	4716	0
4451	3799	4535	4338	4357	4153	3872	4715	0
4456	3803	4540	4341	4356	4153	3874	4713	0
4454	3801	4539	4343	4349	4151	3860	4711	0
4455	3800	4543	4348	4351	4150	3856	4709	0
4469	3803	4555	4357	4361	4151	3872	4711	0
4472	3803	4554	4363	4368	4152	3880	4713	0
4471	3800	4550	4366	4376	4151	3878	4713	0
4486	3802	4558	4368	4384	4150	3884	4713	0
4497	3803	4562	4364	4384	4149	3886	4716	0
4494	3801	4552	4360	4383	4151	3881	4718	0
4500	3800	4551	4362	4386	4152	3885	4716	0
4518	3801	4562	4365	4386	4151	3896	4716	0
4524	3800	4570	4365	4386	4151	3898	4717	0
4519	3800	4567	4365	4389	4154	3895	4716	0
4521	3801	4561	4368	4390	4150	3896	4716	0
4525	3801	4566	4369	4392	4139	3895	4717	0
4523	3800	4570	4369	4400	4135	3892	4717	0
4520	3800	4568	4368	4401	4136	3892	4716	0
4528	3800	4577	4371	4397	4142	3901	4716	0
4533	3800	4587	4376	4398	4151	3903	4716	0
4524	3800	4580	4373	4395	4155	3895	4717	0
4516	3800	4576	4370	4395	4152	3900	4715	0
4524	3800	4584	4372	4400	4150	3910	4713	0
4534	3799	4585	4372	4398	4154	3911	4716	0
4536	3800	4582	4370	4401	4149	3914	4716	0
4535	3800	4586	4373	4410	4141	3923	4715	0
4542	3798	4597	4380	4416	4145	3929	4717	0
4553	3803	4601	4381	4426	4154	3938	4717	0
4552	3811	4603	4376	4436	4158	3950	4715	0
4553	3813	4612	4379	4434	4164	3954	4717	0
4557	3816	4620	4388	4432	4172	3957	4718	0
4545	3815	4618	4387	4441	4173	3957	4716	0
4533	3811	4615	4378	4444	4171	3954	4717	0
4544	3813	4618	4382	4443	4169	3953	4718	0
4549	3817	4620	4392	4444	4166	3958	4718	0
4538	3815	4617	4387	4447	4166	3961	4718	0
4538	3813	4616	4380	4449	4167	3961	4718	0
4536	3816	4619	4385	4451	4167	3960	4718	0
4521	3814	4617	4390	4454	4168	3962	4718	0
4520	3815	4616	4388	4460	4169	3971	4718	0
4523	3819	4622	4385	4460	4170	3973	4718	0
4505	3810	4616	4382	4453	4169	3956	4718	0
4490	3801	4607	4380	4449	4168	3946	4717	0
4491	3809	4611	4381	4444	4170	3955	4718	0
4493	3818	4616	4382	4445	4173	3960	4720	0
4497	3816	4614	4382	4455	4165	3949	4718	0
4498	3814	4614	4382	4455	4152	3938	4717	0
4492	3816	4621	4385	4447	4152	3942	4717	0
4486	3817	4620	4387	4444	4160	3948	4718	0
4471	3813	4606	4380	4442	4161	3941	4717	0
4454	3811	4594	4373	4438	4165	3937	4716	0
4463	3814	4598	4381	4442	4170	3947	4716	0
4478	3818	4605	4390	4448	4157	3946	4717	0
4473	3817	4600	4389	4445	4149	3937	4716	0
4469	3817	4597	4383	4444	4153	3936	4716	0
4476	3818	4601	4383	4449	4154	3945	4717	0
4478	3817	4602	4387	4453	4157	3951	4716	0
4475	3817	4601	4386	4448	4165	3950	4716	0
4476	3820	4602	4383	4443	4168	3947	4718	0
4470	3818	4599	4381	4446	4169	3948	4718	0
4461	3817	4594	4380	4446	4173	3943	4716	0
4470	3823	4598	4384	4443	4166	3937	4716	0
4483	3823	4604	4385	4455	4152	3942	4717	0
4475	3817	4601	4383	4462	4147	3943	4716	0
4473	3818	4600	4387	4449	4150	3938	4716	0
4483	3820	4603	4390	4448	4152	3940	4716	0
4477	3817	4599	4383	4456	4153	3940	4715	0
4471	3817	4598	4381	4454	4153	3941	4716	0
4478	3818	4604	4386	4451	4157	3941	4717	0
4476	3815	4600	4383	4447	4168	3938	4716	0
4463	3816	4593	4379	4443	4176	3938	4716	0
4466	3816	4599	4382	4450	4170	3943	4717	0
4477	3816	4597	4382	4453	4151	3935	4714	0
4475	3816	4587	4375	4448	4142	3925	4714	0
4473	3816	4593	4375	4453	4150	3931	4716	0
4479	3815	4603	4379	4464	4154	3941	4713	0
4485	3817	4606	4377	4463	4154	3943	4713	0
4474	3816	4598	4370	4453	4165	3939	4718	0
4463	3813	4589	4365	4451	4174	3937	4717	0
4477	3814	4597	4371	4462	4171	3949	4715	0
4494	3818	4613	4382	4466	4170	3961	4717	0
4492	3818	4609	4384	4465	4166	3959	4716	0
4489	3815	4601	4377	4472	4157	3956	4715	0
4491	3814	4604	4374	4477	4150	3957	4716	0
4487	3820	4600	4375	4471	4155	3955	4715	0
4485	3823	4601	4382	4473	4166	3955	4715	0
4481	3820	4602	4383	4479	4170	3956	4715	0
4470	3814	4587	4372	4474	4170	3953	4715	0
4474	3816	4586	4371	4475	4172	3955	4715	0
4488	3826	4600	4377	4488	4161	3957	4715	0
4488	3830	4602	4378	4493	4146	3950	4715	0
4482	3830	4597	4378	4496	4155	3957	4715	0
4486	3830	4603	4381	4503	4170	3971	4715	0
4488	3834	4606	4384	4502	4167	3962	4715	0
4471	3832	4601	4384	4494	4172	3954	4715	0
4460	3822	4598	4381	4492	4191	3964	4715	0
4470	3816	4598	4382	4497	4190	3966	4715	0
4478	3818	4601	4385	4507	4167	3962	4715	0
4476	3819	4603	4385	4518	4153	3964	4715	0
4473	3815	4602	4384	4527	4152	3963	4716	0
4475	3816	4601	4382	4532	4153	3954	4715	0
4475	3817	4600	4380	4541	4154	3955	4715	0
4475	3816	4601	4383	4548	4154	3963	4717	0
4479	3818	4603	4383	4556	4154	3967	4718	0
4482	3818	4604	4379	4566	4157	3971	4717	0
4485	3823	4602	4386	4575	4151	3969	4717	0
4490	3830	4610	4394	4581	4140	3961	4718	0
4491	3830	4616	4391	4584	4136	3962	4718	0
4491	3828	4609	4387	4587	4130	3970	4717	0
4498	3829	4606	4389	4584	4115	3964	4715	0
4505	3832	4611	4388	4582	4114	3954	4715	0
4507	3835	4612	4388	4586	4123	3966	4716	0
4506	3835	4610	4390	4583	4121	3969	4718	0
4501	3831	4607	4387	4583	4124	3960	4717	0
4510	3833	4612	4390	4601	4136	3966	4715	0
4522	3836	4617	4398	4615	4135	3974	4715	0
4513	3833	4610	4392	4613	4128	3965	4718	0
4501	3835	4603	4383	4612	4130	3953	4718	0
4507	3841	4605	4385	4616	4134	3953	4717	0
4514	3843	4605	4393	4620	4137	3958	4718	0
4506	3846	4601	4394	4625	4140	3956	4718	0
4500	3847	4601	4390	4633	4129	3948	4717	0
4518	3847	4602	4389	4646	4118	3945	4719	0
4536	3846	4602	4388	4662	4118	3946	4717	0
4529	3840	4600	4382	4675	4115	3942	4713	0
4527	3839	4597	4383	4690	4111	3946	4715	0
4535	3846	4599	4389	4706	4117	3957	4716	0
4531	3850	4602	4384	4716	4123	3959	4714	0
4524	3848	4598	4380	4720	4117	3947	4712	0
4520	3843	4582	4381	4722	4122	3937	4711	0
4525	3843	4583	4384	4732	4137	3945	4713	0
4538	3849	4602	4391	4749	4139	3960	4717	0
4534	3849	4598	4390	4754	4134	3953	4717	0
4514	3843	4580	4380	4748	4144	3938	4714	0
4515	3844	4581	4379	4752	4156	3942	4716	0
4532	3847	4590	4384	4765	4153	3948	4716	0
4536	3848	4587	4383	4769	4147	3939	4716	0
4532	3849	4587	4382	4769	4148	3937	4717	0
4531	3846	4592	4384	4769	4155	3945	4716	0
4538	3846	4594	4384	4773	4166	3946	4716	0
4550	3849	4597	4384	4778	4168	3950	4717	0
4553	3849	4601	4381	4777	4164	3956	4716	0
4544	3848	4595	4381	4773	4167	3948	4714	0
4536	3848	4585	4380	4773	4170	3935	4715	0
4536	3848	4585	4373	4778	4165	3936	4718	0
4541	3854	4591	4375	4780	4170	3947	4717	0
4551	3863	4601	4384	4782	4184	3957	4716	0
4555	3864	4602	4385	4789	4187	3960	4716	0
4542	3862	4590	4380	4792	4180	3948	4716	0
4527	3861	4583	4375	4784	4181	3936	4717	0
4521	3861	4588	4375	4785	4188	3939	4716	0
4521	3862	4594	4380	4794	4185	3948	4716	0
4521	3864	4589	4382	4790	4188	3947	4717	0
4516	3862	4583	4380	4784	4197	3940	4716	0
4520	3863	4594	4381	4788	4190	3943	4716	0
4529	3866	4603	4386	4793	4184	3952	4717	0
4521	3864	4592	4383	4787	4196	3948	4716	0
4512	3863	4591	4382	4782	4204	3941	4714	0
4519	3864	4602	4390	4788	4200	3949	4716	0
4523	3864	4601	4396	4791	4199	3952	4717	0
4520	3865	4597	4395	4785	4201	3949	4715	0
4524	3868	4601	4390	4785	4198	3951	4716	0
4520	3865	4593	4382	4787	4201	3949	4716	0
4508	3863	4584	4377	4780	4209	3940	4715	0
4517	3870	4589	4387	4780	4208	3938	4716	0
4522	3881	4592	4391	4783	4200	3934	4717	0
4507	3880	4585	4383	4779	4207	3926	4716	0
4502	3868	4585	4386	4776	4217	3930	4716	0
4509	3871	4592	4398	4775	4214	3933	4716	0
4508	3881	4593	4397	4772	4211	3928	4716	0
4505	3873	4588	4387	4765	4218	3926	4716	0
4506	3867	4585	4390	4763	4219	3930	4716	0
4506	3875	4586	4395	4765	4211	3930	4716	0
4512	3878	4590	4395	4766	4206	3929	4715	0
4516	3876	4593	4392	4764	4214	3932	4716	0
4511	3877	4589	4389	4757	4221	3931	4717	0
4504	3878	4584	4391	4748	4216	3925	4716	0
4507	3878	4587	4392	4748	4216	3926	4716	0
4512	3877	4588	4390	4753	4227	3933	4716	0
4502	3875	4585	4388	4746	4224	3927	4716	0
4492	3877	4584	4388	4734	4221	3923	4716	0
4499	3878	4585	4390	4735	4231	3932	4716	0
4511	3878	4588	4394	4739	4230	3935	4716	0
4512	3881	4591	4397	4736	4213	3928	4716	0
4501	3880	4583	4388	4729	4210	3918	4716	0
4491	3877	4575	4382	4725	4218	3916	4716	0
4496	3878	4581	4390	4728	4215	3921	4716	0
4507	3880	4586	4394	4732	4214	3927	4716	0
4506	3881	4586	4392	4728	4223	3929	4716	0
4505	3881	4587	4392	4726	4231	3929	4716	0
4511	3879	4590	4391	4726	4232	3930	4716	0
4510	3871	4587	4388	4723	4231	3930	4716	0
4502	3864	4583	4389	4717	4232	3925	4716	0
4496	3864	4583	4389	4713	4226	3917	4716	0
4495	3871	4577	4385	4709	4214	3910	4716	0
4498	3875	4568	4385	4706	4214	3908	4716	0
4503	3875	4573	4386	4705	4227	3913	4716	0
4508	3876	4586	4386	4706	4232	3921	4716	0
4507	3879	4585	4388	4706	4233	3925	4716	0
4502	3880	4575	4389	4701	4244	3921	4716	0
4512	3873	4572	4389	4700	4244	3914	4716	0
4531	3870	4570	4385	4700	4233	3908	4716	0
4541	3877	4575	4384	4696	4237	3909	4716	0
4543	3883	4586	4387	4697	4251	3914	4716	0
4541	3879	4582	4387	4698	4250	3910	4716	0
4535	3877	4569	4386	4699	4241	3908	4716	0
4535	3881	4572	4389	4696	4241	3915	4716	0
4532	3880	4578	4388	4688	4244	3911	4716	0
4523	3877	4570	4381	4682	4246	3898	4716	0
4522	3878	4566	4381	4683	4245	3901	4716	0
4527	3880	4580	4388	4685	4248	3911	4716	0
4526	3879	4585	4391	4681	4249	3910	4716	0
4520	3878	4574	4387	4677	4246	3908	4716	0
4518	3877	4566	4384	4674	4247	3906	4716	0
4520	3873	4568	4384	4671	4249	3903	4716	0
4521	3875	4570	4384	4674	4247	3906	4716	0
4521	3881	4571	4385	4673	4244	3903	4716	0
4519	3881	4573	4388	4666	4245	3895	4716	0
4518	3878	4573	4389	4666	4248	3897	4716	0
4521	3880	4571	4388	4670	4248	3898	4717	0
4521	3882	4573	4387	4666	4247	3900	4716	0
4503	3872	4567	4383	4660	4248	3896	4716	0
4490	3865	4554	4378	4661	4248	3882	4717	0
4500	3871	4555	4382	4659	4247	3882	4715	0
4509	3878	4569	4389	4656	4246	3897	4712	0
4506	3878	4572	4389	4661	4246	3898	4714	0
4507	3880	4567	4387	4664	4252	3894	4718	0
4509	3880	4568	4386	4655	4250	3894	4717	0
4503	3876	4567	4382	4648	4233	3884	4712	0
4498	3877	4564	4380	4645	4228	3876	4711	0
4503	3877	4567	4382	4645	4246	3889	4715	0
4507	3874	4569	4382	4648	4252	3898	4717	0
4504	3875	4568	4382	4652	4246	3897	4714	0
4502	3878	4567	4381	4646	4248	3897	4715	0
4505	3877	4568	4381	4640	4251	3895	4716	0
4504	3875	4568	4381	4642	4250	3899	4715	0
4502	3875	4568	4383	4640	4249	3907	4716	0
4506	3878	4574	4387	4636	4247	3906	4717	0
4509	3880	4584	4391	4637	4245	3904	4716	0
4506	3878	4586	4394	4640	4250	3910	4717	0
4503	3877	4584	4396	4632	4245	3907	4716	0
4505	3878	4584	4397	4625	4233	3895	4716	0
4512	3882	4586	4400	4626	4238	3894	4716	0
4511	3882	4586	4399	4627	4249	3896	4715	0
4496	3878	4582	4395	4619	4248	3893	4715	0
4495	3878	4584	4397	4614	4245	3896	4716	0
4502	3881	4583	4394	4618	4249	3902	4717	0
4497	3877	4573	4391	4617	4250	3897	4716	0
4500	3877	4576	4396	4613	4249	3894	4716	0
4505	3881	4580	4396	4610	4249	3898	4716	0
4494	3878	4571	4387	4603	4250	3896	4716	0
4492	3878	4567	4384	4598	4251	3892	4716	0
4506	3882	4573	4385	4603	4248	3894	4716	0
4507	3881	4573	4382	4609	4246	3897	4717	0
4502	3878	4573	4381	4606	4247	3897	4716	0
4498	3880	4575	4385	4600	4247	3896	4716	0
4489	3880	4572	4387	4600	4246	3893	4716	0
4491	3878	4570	4383	4602	4246	3895	4716	0
4494	3879	4571	4381	4598	4248	3895	4716	0
4491	3878	4572	4382	4598	4249	3893	4716	0
4510	3879	4572	4383	4603	4248	3906	4716	0
4528	3878	4570	4380	4594	4253	3905	4716	0
4511	3875	4568	4375	4586	4258	3883	4716	0
4506	3877	4569	4376	4588	4248	3880	4716	0
4533	3880	4571	4382	4590	4238	3893	4716	0
4541	3873	4569	4384	4588	4244	3893	4716	0
4536	3871	4567	4381	4588	4250	3890	4716	0
4550	3874	4570	4380	4592	4246	3895	4716	0
4550	3874	4574	4383	4596	4246	3896	4716	0
4536	3873	4572	4385	4593	4248	3893	4716	0
4534	3875	4570	4387	4583	4247	3893	4717	0
4537	3875	4575	4388	4582	4246	3895	4716	0
4537	3874	4578	4389	4588	4248	3897	4713	0
4534	3871	4572	4384	4584	4248	3894	4713	0
4532	3861	4568	4380	4582	4248	3893	4716	0
4536	3865	4571	4384	4588	4250	3899	4717	0
4536	3877	4571	4385	4585	4250	3897	4717	0
4526	3874	4569	4381	4579	4249	3897	4717	0
4517	3864	4566	4380	4582	4255	3897	4716	0
4509	3864	4563	4381	4579	4258	3885	4715	0
4504	3869	4566	4381	4568	4259	3881	4715	0
4506	3867	4564	4382	4566	4258	3889	4715	0
4504	3865	4554	4380	4570	4253	3884	4715	0
4501	3866	4549	4373	4569	4247	3874	4715	0
4503	3866	4552	4371	4569	4248	3879	4715	0
4497	3867	4553	4373	4569	4249	3881	4715	0
4495	3867	4551	4372	4567	4246	3878	4715	0
4501	3865	4554	4373	4566	4249	3886	4715	0
4507	3864	4564	4381	4573	4256	3896	4716	0
4516	3872	4569	4383	4578	4264	3904	4715	0
4522	3879	4571	4381	4576	4265	3910	4713	0
4519	3877	4571	4385	4580	4265	3913	4715	0
4518	3872	4571	4388	4585	4272	3913	4717	0
4523	3875	4570	4387	4585	4275	3913	4717	0
4520	3878	4570	4388	4582	4272	3918	4717	0
4511	3870	4570	4387	4580	4268	3917	4717	0
4508	3864	4569	4385	4580	4265	3911	4715	0
4508	3870	4569	4381	4577	4265	3909	4716	0
4508	3878	4569	4376	4572	4266	3910	4717	0
4513	3879	4570	4378	4571	4265	3905	4716	0
4515	3877	4571	4381	4572	4263	3898	4716	0
4504	3876	4568	4381	4568	4263	3894	4716	0
4501	3879	4567	4383	4566	4263	3893	4716	0
4516	3877	4573	4385	4572	4263	3901	4716	0
4516	3866	4575	4382	4574	4264	3906	4716	0
4500	3861	4568	4381	4571	4267	3905	4716	0
4503	3871	4573	4385	4569	4267	3906	4716	0
4518	3878	4588	4385	4572	4264	3911	4716	0
4507	3868	4583	4382	4571	4265	3909	4716	0
4488	3865	4566	4382	4568	4260	3898	4716	0
4494	3873	4568	4384	4567	4252	3893	4716	0
4502	3872	4575	4384	4567	4255	3896	4716	0
4492	3867	4570	4382	4567	4265	3897	4716	0
4482	3874	4563	4382	4566	4265	3898	4717	0
4493	3880	4570	4383	4570	4263	3909	4717	0
4506	3875	4583	4385	4574	4266	3917	4716	0
4491	3868	4575	4383	4567	4267	3908	4717	0
4487	3863	4567	4379	4572	4265	3904	4717	0
4515	3865	4583	4380	4590	4264	3920	4713	0
4512	3868	4586	4383	4577	4262	3909	4708	0
4464	3865	4556	4381	4541	4260	3867	4706	0
4451	3863	4544	4378	4535	4260	3855	4708	0
4472	3865	4560	4381	4552	4262	3883	4707	0
4474	3865	4566	4382	4553	4264	3894	4705	0
4483	3865	4567	4383	4554	4264	3895	4710	0
4492	3865	4570	4385	4564	4264	3905	4714	0
4491	3864	4571	4382	4580	4264	3917	4714	0
4507	3864	4581	4384	4587	4262	3923	4716	0
4523	3865	4589	4389	4580	4263	3920	4716	0
4500	3862	4578	4380	4570	4263	3914	4714	0
4473	3862	4562	4368	4558	4264	3900	4712	0
4474	3862	4558	4374	4541	4264	3878	4713	0
4467	3858	4554	4371	4533	4258	3869	4714	0
4456	3857	4548	4355	4540	4249	3880	4713	0
4472	3863	4557	4355	4551	4247	3902	4712	0
4507	3865	4582	4369	4566	4249	3920	4714	0
4511	3862	4589	4368	4572	4247	3920	4718	0
4485	3860	4572	4359	4566	4245	3907	4716	0
4503	3862	4577	4362	4568	4246	3907	4715	0
4529	3861	4592	4368	4573	4245	3906	4717	0
4490	3851	4569	4359	4568	4245	3889	4716	0
4449	3845	4543	4348	4567	4245	3879	4714	0
4466	3848	4549	4348	4568	4245	3882	4713	0
4480	3849	4557	4351	4560	4243	3883	4713	0
4470	3847	4553	4350	4555	4245	3878	4712	0
4470	3846	4548	4349	4566	4247	3876	4709	0
4486	3849	4557	4350	4572	4245	3886	4711	0
4496	3852	4571	4352	4572	4245	3894	4716	0
4482	3847	4564	4350	4573	4248	3895	4714	0
4471	3844	4558	4351	4577	4249	3902	4711	0
4486	3848	4573	4357	4585	4248	3915	4714	0
4494	3848	4577	4356	4582	4248	3900	4716	0
4480	3845	4564	4350	4558	4246	3861	4710	0
4462	3846	4554	4348	4553	4245	3851	4709	0
4455	3844	4550	4347	4569	4247	3870	4713	0
4468	3846	4555	4353	4572	4247	3880	4712	0
4483	3851	4567	4362	4573	4247	3879	4711	0
4480	3844	4567	4354	4586	4248	3893	4711	0
4481	3836	4564	4347	4589	4248	3901	4710	0
4488	3841	4566	4350	4575	4247	3883	4711	0
4488	3846	4568	4352	4581	4248	3881	4711	0
4501	3846	4575	4357	4603	4246	3907	4710	0
4524	3850	4587	4367	4604	4238	3912	4711	0
4524	3851	4588	4370	4586	4233	3887	4715	0
4494	3848	4571	4362	4581	4233	3874	4717	0
4477	3849	4557	4356	4591	4238	3881	4717	0
4489	3849	4562	4358	4598	4247	3888	4718	0
4500	3849	4571	4364	4604	4248	3891	4717	0
4504	3852	4577	4369	4610	4245	3896	4715	0
4522	3855	4587	4371	4618	4254	3918	4716	0
4523	3850	4590	4367	4626	4264	3938	4717	0
4506	3844	4583	4363	4622	4256	3926	4716	0
4520	3847	4589	4373	4619	4240	3907	4716	0
4527	3850	4591	4386	4624	4229	3912	4716	0
4490	3847	4574	4376	4621	4229	3916	4716	0
4478	3846	4568	4368	4614	4241	3904	4716	0
4510	3851	4586	4377	4629	4245	3915	4716	0
4512	3846	4590	4381	4638	4234	3928	4716	0
4485	3840	4567	4367	4620	4231	3901	4716	0
4486	3844	4564	4362	4608	4235	3882	4716	0
4501	3852	4584	4375	4617	4232	3895	4716	0
4497	3850	4584	4380	4624	4229	3898	4716	0
4483	3842	4569	4369	4621	4231	3892	4716	0
4485	3840	4573	4370	4622	4232	3903	4716	0
4505	3845	4591	4383	4627	4232	3908	4716	0
4530	3851	4604	4388	4638	4234	3916	4716	0
4527	3850	4600	4383	4651	4236	3934	4716	0
4496	3840	4576	4380	4642	4235	3923	4716	0
4493	3836	4566	4382	4629	4233	3898	4716	0
4520	3845	4584	4383	4641	4231	3905	4716	0
4532	3850	4593	4383	4657	4231	3922	4716	0
4517	3845	4583	4385	4641	4231	3907	4716	0
4496	3846	4580	4387	4629	4230	3894	4716	0
4493	3852	4585	4381	4647	4231	3908	4716	0
4494	3847	4575	4372	4656	4233	3911	4716	0
4482	3835	4555	4367	4648	4234	3896	4716	0
4472	3831	4555	4367	4640	4232	3886	4716	0
4489	3834	4568	4371	4648	4233	3897	4716	0
4509	3838	4572	4374	4668	4243	3919	4716	0
4513	3837	4574	4374	4677	4244	3921	4716	0
4492	3832	4568	4371	4664	4231	3893	4716	0
4486	3836	4564	4372	4668	4225	3890	4716	0
4523	3849	4588	4382	4693	4231	3926	4716	0
4537	3847	4600	4386	4691	4233	3927	4716	0
4507	3834	4574	4376	4678	4230	3898	4716	0
4483	3831	4560	4369	4688	4232	3889	4716	0
4483	3836	4570	4373	4714	4232	3896	4716	0
4490	3838	4571	4373	4731	4229	3903	4716	0
4494	3837	4567	4372	4728	4233	3900	4716	0
4489	3833	4567	4372	4721	4232	3887	4716	0
4485	3832	4567	4371	4726	4218	3881	4716	0
4491	3837	4568	4371	4736	4217	3891	4716	0
4492	3836	4569	4374	4738	4232	3901	4716	0
4498	3830	4577	4374	4747	4237	3909	4716	0
4509	3836	4586	4374	4761	4232	3913	4716	0
4507	3842	4584	4378	4767	4228	3910	4716	0
4505	3837	4584	4382	4767	4228	3909	4716	0
4511	3832	4586	4381	4767	4232	3916	4716	0
4506	3833	4578	4376	4767	4231	3912	4716	0
4495	3839	4574	4373	4768	4211	3908	4716	0
4507	3843	4588	4377	4770	4201	3921	4716	0
4515	3847	4601	4385	4766	4212	3916	4716	0
4487	3847	4584	4382	4755	4221	3890	4716	0
4471	3839	4567	4371	4760	4218	3898	4716	0
4490	3838	4577	4368	4776	4217	3922	4716	0
4493	3845	4587	4373	4774	4214	3913	4716	0
4487	3843	4585	4373	4763	4202	3903	4716	0
4489	3837	4581	4371	4764	4198	3909	4716	0
4479	3837	4577	4372	4768	4203	3909	4716	0
4470	3841	4571	4371	4766	4201	3907	4716	0
4475	3839	4572	4370	4764	4197	3907	4716	0
4475	3835	4574	4372	4772	4199	3911	4716	0
4474	3839	4572	4375	4775	4199	3913	4716	0
4471	3840	4570	4371	4766	4196	3904	4716	0
4461	3834	4568	4367	4759	4197	3892	4716	0
4460	3839	4568	4371	4758	4200	3893	4716	0
4464	3848	4573	4376	4749	4200	3893	4716	0
4459	3842	4579	4374	4747	4201	3890	4716	0
4456	3834	4577	4366	4763	4203	3902	4716	0
4458	3836	4570	4366	4770	4199	3909	4716	0
4462	3836	4571	4368	4761	4194	3897	4716	0
4477	3835	4585	4370	4768	4198	3904	4717	0
4479	3842	4593	4374	4790	4203	3924	4717	0
4464	3845	4590	4373	4802	4203	3923	4716	0
4455	3840	4582	4367	4802	4202	3914	4717	0
4447	3831	4569	4366	4786	4200	3904	4717	0
4440	3832	4565	4373	4769	4206	3889	4711	0
4448	3838	4572	4375	4771	4216	3888	4712	0
4458	3844	4577	4371	4780	4211	3898	4715	0
4453	3851	4575	4373	4776	4199	3897	4713	0
4467	3851	4589	4380	4786	4200	3912	4714	0
4481	3848	4604	4383	4796	4203	3929	4717	0
4457	3855	4592	4381	4784	4203	3916	4718	0
4431	3858	4577	4376	4782	4211	3905	4715	0
4440	3850	4582	4374	4797	4218	3914	4716	0
4457	3851	4591	4379	4802	4217	3928	4716	0
4445	3857	4590	4377	4794	4209	3926	4714	0
4433	3851	4583	4373	4790	4201	3912	4711	0
4442	3844	4582	4377	4787	4202	3909	4710	0
4443	3849	4587	4377	4784	4204	3914	4712	0
4432	3851	4586	4374	4785	4202	3913	4710	0
4444	3849	4583	4378	4783	4202	3910	4709	0
4467	3849	4587	4377	4780	4202	3913	4714	0
4461	3849	4585	4373	4779	4200	3907	4712	0
4449	3849	4578	4380	4783	4204	3905	4706	0
4473	3848	4587	4384	4787	4201	3916	4709	0
4496	3843	4603	4385	4795	4198	3928	4716	0
4474	3843	4597	4385	4799	4211	3932	4719	0
4448	3846	4583	4380	4786	4212	3918	4714	0
4457	3840	4583	4378	4776	4198	3905	4708	0
4464	3840	4589	4383	4779	4198	3908	4710	0
4448	3845	4583	4381	4784	4203	3909	4714	0
4442	3837	4574	4376	4782	4205	3906	4711	0
4452	3834	4584	4381	4784	4212	3913	4708	0
4464	3844	4594	4383	4792	4209	3922	4705	0
4465	3842	4590	4380	4802	4196	3925	4706	0
4453	3829	4582	4377	4801	4196	3923	4709	0
4445	3832	4580	4376	4788	4200	3908	4709	0
4448	3844	4580	4377	4786	4200	3896	4708	0
4459	3843	4590	4381	4797	4202	3912	4708	0
4475	3838	4605	4384	4810	4199	3935	4708	0
4465	3837	4598	4382	4813	4197	3935	4710	0
4441	3836	4582	4379	4802	4202	3920	4708	0
4450	3838	4584	4383	4783	4202	3901	4700	0
4457	3843	4589	4380	4776	4197	3889	4700	0
4420	3837	4572	4368	4786	4198	3897	4707	0
4401	3827	4562	4367	4794	4203	3909	4706	0
4431	3832	4579	4373	4794	4202	3912	4705	0
4447	3834	4588	4375	4797	4197	3912	4709	0
4447	3831	4584	4374	4811	4196	3923	4714	0
4451	3834	4586	4374	4820	4202	3934	4714	0
4440	3833	4583	4372	4800	4203	3914	4710	0
4448	3832	4585	4371	4790	4198	3898	4708	0
4474	3840	4599	4375	4814	4200	3932	4710	0
4467	3839	4598	4375	4814	4203	3941	4707	0
4448	3833	4584	4371	4790	4201	3896	4704	0
4449	3837	4581	4372	4789	4198	3883	4706	0
4447	3840	4582	4378	4802	4199	3910	4705	0
4444	3833	4581	4381	4808	4201	3915	4706	0
4448	3830	4584	4373	4805	4201	3910	4712	0
4446	3832	4584	4368	4801	4201	3914	4710	0
4446	3831	4582	4372	4806	4200	3911	4704	0
4455	3830	4584	4376	4808	4200	3908	4705	0
4460	3832	4588	4378	4806	4201	3922	4707	0
4460	3834	4589	4380	4808	4201	3922	4705	0
4456	3834	4583	4374	4811	4201	3908	4704	0
4466	3833	4589	4375	4824	4201	3929	4707	0
4484	3834	4604	4386	4828	4199	3943	4708	0
4463	3834	4591	4385	4800	4205	3904	4705	0
4420	3832	4565	4371	4784	4217	3881	4704	0
4416	3831	4565	4372	4799	4212	3904	4707	0
4432	3833	4574	4375	4802	4196	3911	4705	0
4426	3829	4569	4368	4795	4197	3906	4702	0
4421	3826	4570	4368	4801	4206	3913	4704	0
4437	3830	4582	4373	4808	4203	3914	4704	0
4443	3835	4586	4372	4811	4198	3910	4704	0
4444	3833	4584	4373	4810	4198	3916	4704	0
4456	3830	4587	4381	4814	4197	3928	4703	0
4448	3831	4587	4382	4811	4200	3923	4705	0
4433	3832	4584	4380	4798	4202	3910	4707	0
4443	3832	4587	4376	4795	4200	3912	4707	0
4444	3832	4586	4368	4800	4201	3915	4705	0
4436	3832	4583	4369	4797	4203	3909	4704	0
4444	3832	4585	4376	4798	4200	3914	4705	0
4449	3831	4586	4375	4805	4198	3925	4706	0
4445	3832	4586	4370	4812	4201	3927	4706	0
4449	3832	4589	4368	4815	4202	3925	4708	0
4445	3832	4586	4366	4807	4201	3920	4711	0
4441	3832	4586	4367	4805	4200	3924	4710	0
4451	3833	4597	4375	4814	4205	3934	4705	0
4448	3831	4596	4378	4810	4213	3935	4703	0
4436	3834	4591	4378	4796	4220	3934	4704	0
4433	3833	4595	4376	4796	4218	3938	4709	0
4444	3830	4602	4378	4802	4207	3942	4709	0
4463	3841	4615	4388	4797	4196	3946	4707	0
4453	3846	4616	4389	4799	4203	3953	4715	0
4421	3835	4590	4380	4800	4217	3957	4716	0
4415	3829	4581	4377	4786	4217	3956	4706	0
4435	3831	4600	4384	4778	4210	3957	4709	0
4441	3837	4603	4385	4783	4212	3958	4715	0
4443	3840	4596	4385	4774	4216	3956	4705	0
4444	3837	4600	4384	4762	4214	3955	4701	0
4442	3840	4604	4383	4765	4213	3963	4713	0
4445	3845	4606	4388	4762	4218	3964	4716	0
4428	3837	4602	4384	4743	4214	3946	4708	0
4384	3829	4584	4378	4727	4201	3930	4709	0
4366	3835	4570	4380	4724	4205	3931	4713	0
4386	3842	4577	4382	4725	4213	3940	4710	0
4396	3838	4584	4381	4722	4209	3942	4711	0
4389	3837	4576	4381	4718	4210	3939	4713	0
4394	3845	4578	4381	4716	4217	3940	4708	0
4403	3852	4588	4377	4718	4214	3942	4708	0
4398	3848	4585	4375	4716	4211	3940	4713	0
4394	3847	4580	4379	4708	4216	3941	4713	0
4404	3852	4589	4386	4709	4216	3949	4711	0
4407	3849	4595	4387	4721	4215	3957	4714	0
4389	3846	4581	4383	4718	4217	3949	4717	0
4374	3846	4567	4378	4700	4217	3927	4717	0
4384	3848	4575	4376	4696	4217	3920	4713	0
4404	3851	4588	4380	4704	4217	3935	4710	0
4410	3850	4585	4384	4697	4216	3943	4711	0
4406	3850	4583	4384	4690	4217	3936	4709	0
4405	3850	4588	4384	4696	4221	3940	4708	0
4405	3849	4587	4389	4702	4218	3945	4708	0
4400	3849	4583	4387	4696	4214	3933	4707	0
4395	3847	4582	4380	4695	4223	3928	4708	0
4396	3846	4585	4383	4705	4232	3948	4707	0
4396	3848	4587	4389	4706	4229	3954	4705	0
4395	3850	4587	4388	4694	4226	3936	4703	0
4394	3848	4587	4382	4686	4232	3926	4706	0
4391	3847	4585	4381	4686	4232	3926	4710	0
4394	3850	4584	4386	4688	4226	3926	4706	0
4402	3850	4595	4392	4687	4228	3934	4704	0
4403	3848	4600	4388	4686	4234	3943	4710	0
4396	3848	4590	4383	4684	4233	3941	4711	0
4397	3848	4591	4389	4682	4234	3941	4700	0
4408	3849	4603	4395	4681	4247	3946	4700	0
4411	3849	4601	4396	4681	4246	3945	4704	0
4403	3847	4597	4396	4681	4231	3941	4700	0
4397	3848	4600	4393	4675	4234	3940	4698	0
4399	3850	4594	4389	4669	4248	3936	4700	0
4396	3848	4585	4384	4669	4247	3932	4699	0
4390	3846	4581	4380	4667	4243	3930	4696	0
4397	3848	4587	4385	4664	4248	3932	4696	0
4415	3851	4601	4395	4673	4249	3950	4702	0
4418	3851	4606	4391	4674	4247	3957	4703	0
4407	3851	4595	4388	4658	4248	3936	4697	0
4400	3849	4585	4391	4646	4249	3920	4698	0
4399	3847	4585	4388	4649	4248	3928	4700	0
4400	3846	4587	4385	4648	4249	3931	4698	0
4399	3847	4584	4390	4638	4250	3925	4697	0
4396	3848	4582	4388	4626	4247	3925	4701	0
4396	3846	4583	4381	4622	4245	3926	4702	0
4397	3847	4585	4391	4626	4250	3930	4702	0
4401	3849	4588	4403	4633	4248	3932	4701	0
4404	3842	4589	4394	4634	4239	3929	4701	0
4403	3831	4586	4386	4631	4242	3926	4697	0
4398	3831	4583	4388	4629	4249	3927	4696	0
4399	3833	4585	4389	4635	4247	3934	4701	0
4392	3831	4584	4387	4637	4245	3938	4700	0
4382	3830	4572	4387	4622	4249	3922	4696	0
4387	3832	4571	4390	4609	4249	3903	4696	0
4402	3831	4584	4390	4614	4248	3907	4696	0
4403	3832	4588	4384	4618	4250	3924	4696	0
4389	3831	4581	4378	4613	4251	3923	4698	0
4387	3829	4580	4383	4613	4252	3914	4700	0
4398	3831	4586	4385	4617	4248	3915	4698	0
4400	3831	4585	4381	4616	4245	3918	4696	0
4401	3832	4585	4387	4619	4245	3922	4698	0
4411	3832	4588	4393	4626	4249	3931	4698	0
4409	3827	4583	4386	4616	4247	3927	4697	0
4388	3821	4571	4380	4597	4237	3904	4697	0
4376	3816	4564	4383	4597	4238	3893	4698	0
4384	3820	4569	4383	4602	4247	3903	4698	0
4395	3829	4578	4379	4600	4249	3909	4698	0
4399	3826	4581	4382	4603	4246	3914	4697	0
4394	3821	4570	4381	4601	4249	3911	4695	0
4397	3827	4570	4379	4594	4248	3908	4696	0
4403	3830	4584	4381	4601	4247	3917	4696	0
4397	3826	4578	4379	4600	4249	3916	4694	0
4393	3823	4566	4375	4584	4242	3897	4695	0
4397	3818	4569	4379	4581	4238	3896	4694	0
4397	3815	4572	4384	4591	4245	3911	4695	0
4401	3818	4571	4380	4598	4247	3915	4696	0
4405	3820	4571	4377	4595	4243	3911	4695	0
4400	3819	4571	4382	4590	4240	3908	4695	0
4404	3822	4576	4385	4594	4248	3917	4697	0
4409	3825	4578	4382	4596	4253	3926	4696	0
4395	3821	4570	4376	4583	4240	3906	4694	0
4389	3815	4566	4375	4574	4233	3886	4696	0
4399	3816	4569	4375	4581	4246	3895	4697	0
4400	3817	4569	4373	4589	4251	3910	4694	0
4397	3815	4569	4371	4592	4246	3915	4693	0
4397	3817	4566	4370	4583	4247	3906	4696	0
4397	3818	4565	4374	4574	4247	3890	4697	0
4403	3816	4570	4378	4577	4244	3897	4695	0
4408	3818	4571	4378	4575	4249	3912	4696	0
4403	3821	4566	4376	4567	4252	3901	4697	0
4398	3820	4566	4380	4566	4249	3888	4695	0
4396	3816	4569	4378	4566	4245	3898	4693	0
4396	3816	4567	4371	4567	4248	3910	4694	0
4405	3825	4573	4376	4572	4260	3912	4697	0
4411	3827	4578	4381	4568	4262	3909	4696	0
4407	3817	4574	4376	4572	4251	3914	4696	0
4412	3820	4580	4378	4583	4246	3929	4696	0
4420	3832	4587	4381	4578	4248	3929	4696	0
4406	3824	4574	4375	4568	4249	3908	4694	0
4392	3812	4563	4375	4566	4249	3892	4694	0
4396	3815	4567	4382	4558	4248	3895	4695	0
4397	3822	4570	4375	4554	4254	3902	4694	0
4396	3822	4564	4367	4565	4258	3906	4694	0
4409	3821	4569	4375	4575	4250	3919	4694	0
4418	3823	4583	4384	4571	4247	3926	4694	0
4413	3830	4586	4384	4558	4251	3910	4696	0
4410	3834	4576	4380	4556	4252	3901	4697	0
4410	3825	4568	4379	4568	4255	3916	4694	0
4414	3818	4574	4382	4571	4256	3929	4694	0
4416	3826	4581	4383	4568	4250	3926	4702	0
4412	3827	4579	4381	4567	4249	3922	4701	0
4414	3825	4577	4380	4571	4252	3924	4696	0
4431	3829	4586	4385	4585	4250	3940	4695	0
4431	3826	4589	4388	4586	4247	3936	4696	0
4404	3821	4567	4384	4555	4247	3894	4697	0
4388	3821	4550	4379	4540	4252	3873	4699	0
4399	3822	4560	4378	4562	4263	3904	4695	0
4419	3824	4572	4379	4576	4258	3925	4692	0
4421	3825	4571	4382	4568	4246	3910	4695	0
4408	3822	4567	4384	4567	4252	3906	4695	0
4406	3825	4569	4380	4567	4267	3913	4693	0
4413	3833	4570	4379	4562	4266	3907	4694	0
4415	3829	4570	4381	4563	4255	3903	4695	0
4423	3825	4572	4381	4570	4248	3911	4695	0
4430	3829	4577	4390	4569	4249	3911	4694	0
4414	3831	4573	4393	4562	4252	3900	4694	0
4398	3826	4561	4381	4552	4251	3892	4694	0
4400	3814	4559	4375	4549	4248	3893	4693	0
4402	3813	4561	4377	4558	4249	3902	4692	0
4391	3816	4553	4372	4555	4247	3889	4695	0
4377	3814	4538	4363	4535	4244	3861	4697	0
