0	0	0	0	0	0	0	0	3
4580	5031	4092	4126	4465	4388	4453	4375	3
4581	5032	4096	4125	3883	3808	3839	3812	3
4580	5031	4097	4124	3987	3922	3957	3930	3
4575	5028	4092	4123	4878	4879	4875	4889	3
4578	5031	4089	4123	5258	5314	5218	5345	3
4583	5033	4092	4122	4624	4649	4593	4669	3
4583	5031	4097	4123	3976	3999	4013	3994	3
4581	5032	4096	4125	4190	4252	4219	4252	3
4579	5034	4090	4124	4692	4764	4675	4775	3
4581	5032	4091	4124	4553	4634	4522	4653	3
4578	5030	4097	4126	3942	4058	3888	4079	3
4573	5030	4096	4122	3808	3900	3762	3905	3
4575	5030	4091	4120	4295	4357	4332	4365	3
4578	5030	4091	4125	4598	4653	4627	4681	3
4577	5031	4093	4125	4097	4071	4028	4093	3
4577	5032	4094	4121	3268	3171	3227	3177	3
4577	5030	4092	4121	3312	3258	3352	3269	3
4575	5028	4088	4123	4177	4153	4185	4171	3
4572	5028	4088	4121	4416	4428	4403	4434	3
4578	5032	4092	4122	3815	3937	3861	3925	3
4587	5035	4094	4128	3676	3738	3715	3748	3
4582	5033	4091	4128	4388	4242	4367	4300	3
4574	5031	4086	4124	4808	4669	4814	4713	3
4579	5033	4088	4123	4395	4393	4431	4383	3
4583	5035	4096	4123	3870	3887	3884	3865	3
4582	5034	4097	4126	3994	4022	3984	4030	3
4586	5034	4090	4129	4775	4867	4751	4882	3
4595	5037	4090	4128	5273	5343	5230	5367	3
4595	5036	4096	4128	4700	4720	4663	4754	3
4583	5030	4097	4125	3961	3948	3936	3957	3
4578	5029	4093	4122	4262	4260	4261	4243	3
4585	5033	4090	4124	4732	4773	4748	4741	3
4589	5036	4092	4127	4182	4203	4190	4202	3
4584	5036	4094	4126	3429	3432	3435	3491	3
4580	5031	4094	4125	3640	3713	3661	3722	3
4586	5029	4091	4127	4367	4429	4354	4342	3
4585	5030	4091	4126	4522	4483	4480	4456	3
4576	5028	4092	4121	3960	3897	3948	3987	3
4578	5029	4095	4124	3398	3317	3391	3385	3
4586	5032	4096	4128	3573	3494	3573	3481	3
4586	5032	4091	4127	4287	4242	4305	4249	3
4580	5030	4088	4125	4416	4356	4407	4379	3
4582	5031	4094	4125	3863	3809	3836	3755	3
4587	5030	4097	4126	3863	3867	3857	3809	3
4586	5029	4092	4125	4754	4720	4716	4758	3
4586	5030	4089	4126	5131	5045	5075	5085	3
4585	5030	4092	4126	4441	4423	4455	4402	3
4587	5031	4096	4127	3876	3897	3900	3867	3
4589	5032	4096	4129	4127	4111	4156	4077	3
4586	5030	4092	4127	4727	4751	4784	4723	3
4585	5028	4089	4127	4957	5049	4943	5084	3
4582	5029	4091	4126	4458	4546	4386	4590	3
4577	5028	4096	4123	3935	3975	3928	3984	3
4572	5026	4093	4121	4213	4253	4254	4267	3
4568	5023	4084	4122	4634	4730	4662	4779	3
4570	5027	4084	4122	4090	4159	4149	4223	3
4573	5027	4091	4122	3233	3202	3291	3241	3
4571	5020	4092	4122	3335	3279	3326	3278	3
4571	5021	4085	4122	4070	4048	4037	4054	3
4573	5027	4084	4122	4340	4325	4352	4335	3
4581	5030	4091	4123	3962	3938	4007	3915	3
4584	5031	4094	4127	3503	3472	3529	3466	3
4575	5026	4088	4125	3698	3592	3674	3643	3
4571	5024	4082	4124	4374	4279	4345	4295	3
4575	5027	4085	4125	4402	4442	4480	4413	3
4583	5030	4093	4128	3788	3856	3918	3866	3
4584	5028	4095	4128	3914	3871	3938	3887	3
4580	5026	4086	4124	4907	4837	4847	4839	3
4583	5027	4084	4124	5240	5260	5222	5291	3
4586	5028	4092	4125	4504	4531	4527	4553	3
4582	5027	4096	4125	3903	3858	3875	3850	3
4575	5026	4092	4126	4260	4189	4230	4182	3
4571	5023	4086	4122	4778	4766	4807	4775	3
4573	5024	4085	4120	4533	4632	4536	4661	3
4574	5027	4090	4123	3911	4068	3850	4108	3
4572	5025	4093	4125	3848	3927	3815	3934	3
4569	5023	4087	4125	4331	4318	4316	4335	3
4564	5023	4083	4123	4611	4622	4563	4661	3
4567	5025	4085	4122	4080	4104	4088	4095	3
4574	5027	4088	4124	3200	3167	3270	3140	3
4570	5026	4087	4123	3254	3183	3265	3201	3
4567	5022	4083	4121	4114	4098	4112	4118	3
4572	5024	4082	4123	4373	4433	4387	4417	3
4578	5030	4090	4125	3905	3953	3855	3951	3
4581	5028	4095	4124	3683	3650	3629	3694	3
4580	5025	4089	4125	4151	4049	4173	4090	3
4576	5025	4083	4126	4626	4543	4658	4560	3
4572	5023	4086	4124	4385	4380	4392	4407	3
4570	5021	4091	4120	3807	3847	3810	3903	3
4571	5022	4090	4122	4020	3969	3977	3997	3
4573	5023	4083	4122	4918	4852	4827	4842	3
4574	5025	4083	4122	5222	5283	5156	5291	3
4577	5024	4090	4125	4596	4661	4563	4682	3
4580	5025	4095	4126	4018	4018	4010	3996	3
4579	5029	4093	4124	4282	4328	4309	4277	3
4580	5028	4088	4125	4682	4775	4726	4754	3
4585	5027	4090	4125	4299	4353	4309	4376	3
4585	5030	4093	4125	3641	3687	3601	3721	3
4582	5029	4093	4126	3700	3801	3694	3805	3
4580	5025	4089	4128	4287	4351	4331	4362	3
4577	5026	4085	4125	4510	4492	4518	4553	3
4581	5029	4086	4124	4026	3982	3978	4044	3
4583	5029	4094	4125	3331	3271	3306	3294	3
4580	5028	4093	4124	3434	3353	3438	3352	3
4583	5031	4086	4125	4251	4212	4255	4225	3
4589	5033	4089	4127	4412	4444	4454	4448	3
4591	5030	4096	4129	3801	3855	3874	3792	3
4591	5028	4095	4129	3802	3827	3835	3790	3
4590	5029	4093	4128	4713	4652	4661	4706	3
4591	5031	4091	4130	5077	4978	5039	5040	3
4588	5030	4090	4129	4403	4398	4472	4427	3
4586	5031	4095	4126	3845	3922	3933	3908	3
4588	5033	4095	4127	4054	4147	4120	4064	3
4590	5032	4090	4128	4724	4822	4771	4762	3
4595	5032	4091	4128	5126	5217	5113	5260	3
4595	5034	4095	4129	4637	4706	4594	4743	3
4588	5031	4095	4129	3983	3998	3943	4009	3
4585	5028	4093	4126	4292	4241	4220	4264	3
4585	5028	4091	4126	4790	4699	4685	4693	3
4583	5030	4091	4129	4228	4118	4143	4110	3
4578	5029	4093	4126	3363	3296	3303	3328	3
4575	5025	4093	4121	3493	3488	3510	3493	3
4580	5024	4089	4124	4231	4226	4290	4202	3
4587	5030	4089	4129	4447	4458	4436	4444	3
4588	5034	4095	4129	3952	4007	3915	3971	3
4581	5027	4095	4125	3446	3440	3437	3420	3
4578	5023	4088	4123	3671	3550	3669	3587	3
4583	5030	4087	4124	4349	4275	4341	4289	3
4579	5029	4092	4127	4393	4445	4390	4414	3
4577	5026	4096	4126	3822	3862	3809	3856	3
4586	5030	4096	4126	3905	3916	3916	3886	3
4590	5034	4092	4128	4858	4908	4883	4848	3
4589	5034	4090	4129	5231	5251	5225	5270	3
4590	5032	4095	4129	4511	4483	4525	4554	3
4590	5029	4099	4128	3902	3912	3946	3948	3
4588	5029	4096	4127	4198	4146	4174	4159	3
4583	5030	4091	4125	4789	4686	4718	4715	3
4584	5030	4091	4124	4838	4900	4810	4938	3
4584	5028	4095	4125	4290	4446	4272	4474	3
4580	5026	4097	4126	3935	3956	3900	3957	3
4581	5030	4095	4127	4301	4246	4340	4224	3
4589	5035	4092	4127	4678	4653	4716	4632	3
4594	5036	4094	4127	4142	4062	4095	4071	3
4588	5033	4097	4127	3292	3162	3272	3196	3
4581	5031	4097	4125	3376	3313	3408	3328	3
4588	5032	4093	4124	4165	4141	4156	4146	3
4594	5033	4093	4127	4437	4361	4378	4362	3
4592	5033	4096	4128	3975	3891	3903	3862	3
4586	5033	4097	4126	3658	3603	3610	3591	3
4581	5033	4093	4125	4064	3978	4076	4038	3
4584	5033	4089	4128	4594	4500	4625	4536	3
4588	5032	4092	4129	4436	4361	4393	4329	3
4584	5032	4097	4125	3876	3804	3815	3801	3
4580	5033	4098	4124	4015	3945	3910	3969	3
4580	5033	4090	4123	4888	4896	4743	4896	3
4578	5030	4086	4122	5255	5329	5188	5340	3
4572	5028	4092	4121	4623	4662	4627	4679	3
4568	5029	4098	4122	3987	4015	3995	4026	3
4573	5030	4094	4122	4214	4283	4226	4296	3
4577	5029	4091	4121	4672	4752	4692	4762	3
4578	5030	4094	4124	4452	4526	4438	4543	3
4579	5031	4096	4127	3842	3937	3793	3969	3
4583	5033	4096	4126	3796	3898	3746	3881	3
4592	5036	4095	4128	4360	4412	4328	4354	3
4590	5035	4092	4129	4624	4620	4598	4571	3
4584	5031	4092	4126	4072	4038	4026	3979	3
4584	5033	4097	4127	3287	3231	3272	3189	3
4586	5033	4096	4128	3388	3324	3417	3341	3
4585	5032	4091	4127	4221	4173	4229	4200	3
4585	5034	4091	4127	4407	4435	4403	4423	3
4587	5036	4096	4129	3806	3929	3844	3903	3
4585	5032	4099	4129	3736	3782	3752	3797	3
4581	5029	4095	4127	4507	4387	4499	4451	3
4588	5035	4091	4128	4907	4778	4931	4835	3
4596	5038	4094	4132	4441	4381	4434	4390	3
4600	5037	4101	4131	3920	3878	3886	3860	3
4596	5037	4101	4128	4032	4071	4041	3945	3
4591	5037	4096	4128	4754	4863	4747	4708	3
4595	5035	4095	4130	5237	5298	5180	5308	3
4597	5035	4099	4131	4700	4732	4669	4812	3
4594	5034	4103	4130	3985	3984	3958	3973	3
4591	5032	4099	4131	4284	4243	4214	4243	3
4589	5031	4092	4131	4741	4715	4672	4770	3
4585	5033	4092	4128	4169	4162	4160	4187	3
4585	5034	4098	4125	3394	3421	3439	3443	3
4588	5033	4098	4126	3629	3662	3629	3690	3
4592	5036	4095	4130	4384	4331	4273	4353	3
4594	5038	4096	4133	4537	4423	4433	4473	3
4594	5034	4098	4130	3977	3888	3975	3943	3
4589	5028	4098	4127	3413	3305	3410	3334	3
4581	5027	4097	4128	3574	3466	3549	3491	3
4582	5031	4095	4129	4291	4251	4306	4257	3
4587	5031	4095	4129	4435	4388	4445	4375	3
4592	5030	4100	4129	3874	3782	3835	3780	3
4594	5033	4102	4130	3888	3826	3888	3848	3
4597	5035	4098	4131	4836	4820	4899	4849	3
4604	5036	4096	4136	5254	5228	5256	5256	3
4601	5035	4101	4133	4549	4490	4474	4546	3
4592	5032	4105	4127	3936	3863	3875	3943	3
4588	5031	4103	4127	4150	4069	4175	4100	3
4588	5030	4096	4127	4744	4739	4789	4724	3
4592	5032	4094	4128	4999	5104	4971	5125	3
4597	5035	4101	4131	4517	4629	4466	4673	3
4595	5033	4103	4131	3969	4013	3974	4009	3
4587	5028	4098	4129	4237	4292	4283	4300	3
4581	5027	4094	4126	4630	4738	4697	4793	3
4581	5028	4096	4126	4062	4086	4155	4134	3
4584	5030	4100	4129	3247	3164	3310	3177	3
4585	5031	4098	4129	3395	3329	3392	3332	3
4583	5029	4094	4128	4109	4093	4083	4095	3
4577	5025	4094	4127	4343	4315	4343	4308	3
4573	5024	4095	4126	3944	3894	3985	3896	3
4573	5026	4095	4125	3525	3481	3561	3509	3
4572	5027	4092	4124	3791	3702	3768	3746	3
4578	5027	4092	4125	4453	4360	4427	4375	3
4585	5029	4095	4127	4415	4416	4483	4399	3
4582	5030	4100	4127	3786	3848	3878	3843	3
4576	5029	4099	4126	3932	3893	3950	3912	3
4574	5025	4094	4128	4925	4833	4883	4848	3
4576	5025	4093	4126	5242	5268	5211	5291	3
4574	5026	4095	4121	4505	4564	4513	4632	3
4573	5026	4099	4124	3916	3877	3908	3969	3
4577	5026	4100	4128	4283	4192	4175	4227	3
4579	5028	4094	4126	4794	4775	4674	4767	3
4578	5031	4092	4125	4541	4627	4511	4650	3
4578	5028	4098	4128	3914	4037	3883	4071	3
4580	5026	4100	4128	3839	3921	3778	3921	3
4583	5029	4096	4127	4307	4361	4339	4369	3
4581	5029	4095	4127	4581	4611	4630	4641	3
4581	5028	4097	4127	4090	4037	4044	4063	3
4582	5029	4098	4127	3273	3184	3241	3193	3
4581	5028	4095	4127	3332	3273	3367	3284	3
4584	5029	4092	4128	4176	4144	4184	4159	3
4584	5029	4095	4126	4407	4428	4361	4434	3
4578	5026	4100	4125	3878	3952	3823	3946	3
4575	5024	4097	4125	3697	3703	3682	3724	3
4577	5026	4094	4126	4285	4142	4278	4208	3
4581	5027	4094	4128	4745	4611	4750	4657	3
4581	5029	4097	4127	4400	4409	4452	4396	3
4576	5027	4100	4125	3807	3895	3878	3884	3
4571	5022	4097	4126	3988	4007	3993	4025	3
4568	5021	4091	4124	4818	4826	4773	4826	3
4568	5023	4089	4120	5164	5244	5116	5246	3
4568	5022	4094	4122	4591	4648	4541	4675	3
4567	5022	4097	4126	3963	3985	3962	3957	3
4569	5023	4095	4125	4277	4326	4310	4260	3
4568	5023	4090	4122	4735	4784	4783	4742	3
4568	5024	4091	4123	4138	4153	4224	4114	3
4567	5023	4095	4125	3313	3345	3347	3324	3
4565	5021	4094	4125	3588	3627	3555	3636	3
4568	5023	4092	4125	4340	4344	4348	4337	3
4572	5026	4094	4125	4490	4518	4515	4511	3
4572	5025	4098	4124	4006	4034	3964	4070	3
4569	5023	4096	4124	3295	3238	3255	3264	3
4567	5025	4093	4126	3292	3227	3314	3206	3
4569	5025	4091	4125	4170	4149	4184	4140	3
4569	5021	4091	4122	4456	4441	4468	4437	3
4569	5024	4095	4122	3818	3841	3851	3805	3
4573	5030	4099	4126	3778	3814	3787	3804	3
4577	5028	4096	4126	4716	4649	4655	4699	3
4581	5027	4092	4126	5088	4985	5038	5030	3
4581	5030	4094	4127	4414	4424	4452	4427	3
4583	5029	4100	4126	3860	3933	3908	3880	3
4583	5027	4102	4129	4084	4148	4128	4032	3
4584	5028	4096	4133	4733	4809	4785	4737	3
4589	5032	4094	4131	5068	5156	5054	5194	3
4589	5032	4100	4129	4567	4640	4512	4691	3
4582	5031	4103	4131	3949	3993	3935	3985	3
4585	5030	4097	4131	4272	4282	4271	4298	3
4590	5032	4094	4126	4687	4709	4677	4738	3
4587	5035	4096	4126	4040	4114	4076	4066	3
4586	5035	4101	4132	3263	3326	3310	3260	3
4591	5034	4100	4132	3569	3488	3538	3525	3
4593	5035	4096	4129	4362	4217	4274	4279	3
4589	5034	4095	4130	4458	4444	4390	4442	3
4593	5038	4102	4133	3888	3950	3850	3951	3
4601	5040	4104	4135	3567	3547	3536	3583	3
4596	5036	4101	4132	3986	3868	3961	3893	3
4594	5037	4096	4128	4511	4427	4517	4430	3
4596	5037	4097	4128	4335	4387	4371	4372	3
4594	5035	4105	4129	3822	3901	3822	3894	3
4595	5037	4108	4129	3966	3922	3872	3939	3
4598	5042	4100	4132	4876	4787	4750	4798	3
4601	5040	4095	4134	5309	5306	5279	5313	3
4597	5036	4101	4132	4655	4687	4687	4748	3
4595	5038	4105	4132	4033	4025	3984	4111	3
4594	5039	4103	4132	4257	4168	4131	4205	3
4591	5037	4098	4129	4787	4696	4701	4706	3
4588	5036	4099	4129	4845	4904	4830	4934	3
4587	5036	4103	4130	4329	4467	4317	4492	3
4591	5036	4103	4130	3965	3958	3901	3969	3
4592	5037	4101	4131	4327	4222	4264	4236	3
4586	5037	4097	4128	4688	4639	4661	4638	3
4585	5035	4097	4126	4112	4044	4088	4052	3
4587	5034	4102	4129	3247	3124	3236	3157	3
4584	5032	4101	4129	3369	3296	3381	3305	3
4586	5034	4096	4128	4169	4148	4172	4150	3
4588	5033	4096	4127	4409	4341	4369	4402	3
4582	5030	4101	4128	3937	3860	3869	3937	3
4577	5031	4101	4129	3686	3634	3633	3685	3
4579	5032	4097	4127	4150	4056	4167	4083	3
4578	5030	4092	4123	4634	4538	4675	4557	3
4573	5028	4094	4123	4397	4355	4358	4411	3
4577	5031	4103	4126	3851	3818	3788	3909	3
4582	5032	4105	4128	4012	3962	3926	3998	3
4578	5030	4096	4126	4859	4882	4744	4865	3
4578	5030	4094	4126	5253	5327	5189	5336	3
4580	5030	4100	4127	4671	4684	4656	4704	3
4578	5032	4100	4126	4008	4012	4005	4019	3
4579	5032	4097	4127	4227	4306	4252	4305	3
4578	5029	4098	4125	4687	4763	4725	4767	3
4578	5027	4098	4124	4364	4406	4357	4430	3
4580	5027	4098	4127	3701	3786	3663	3807	3
4579	5029	4099	4128	3736	3820	3694	3812	3
4581	5029	4097	4130	4386	4325	4294	4344	3
4587	5030	4097	4132	4625	4506	4531	4532	3
4589	5030	4100	4131	4025	3982	4020	3939	3
4585	5030	4102	4130	3285	3239	3329	3203	3
4584	5031	4099	4129	3446	3353	3434	3391	3
4583	5030	4096	4129	4230	4182	4224	4200	3
4576	5027	4096	4128	4342	4401	4436	4364	3
4574	5027	4101	4126	3787	3923	3905	3898	3
4578	5028	4103	4125	3740	3763	3751	3788	3
4573	5025	4096	4124	4445	4314	4416	4364	3
4568	5023	4091	4124	4849	4739	4856	4774	3
4574	5024	4096	4125	4413	4373	4392	4368	3
4576	5024	4101	4127	3872	3832	3804	3810	3
4570	5025	4098	4128	4014	4051	4026	4030	3
4568	5025	4092	4125	4735	4849	4783	4843	3
4575	5025	4093	4123	5092	5172	5044	5192	3
4575	5024	4100	4125	4545	4591	4472	4626	3
4569	5023	4102	4126	3953	3956	3938	3985	3
4571	5024	4098	4125	4308	4228	4291	4250	3
4576	5026	4096	4125	4777	4695	4749	4687	3
4579	5027	4096	4126	4186	4138	4178	4120	3
4577	5026	4097	4127	3313	3280	3298	3302	3
4573	5025	4099	4126	3477	3487	3496	3501	3
4576	5027	4097	4127	4229	4277	4281	4263	3
4582	5027	4095	4127	4429	4505	4431	4483	3
4583	5027	4100	4126	3951	4036	3928	3992	3
4578	5027	4103	4127	3421	3401	3412	3389	3
4573	5025	4096	4128	3591	3474	3595	3498	3
4576	5027	4093	4128	4321	4252	4314	4266	3
4579	5027	4096	4125	4431	4412	4410	4435	3
4577	5025	4098	4125	3823	3772	3801	3798	3
4576	5027	4100	4128	3868	3824	3845	3834	3
4577	5028	4096	4129	4833	4818	4789	4850	3
4578	5027	4093	4125	5192	5155	5151	5209	3
4580	5028	4098	4124	4451	4409	4480	4449	3
4580	5027	4104	4128	3861	3825	3888	3876	3
4577	5025	4102	4126	4181	4082	4193	4135	3
4576	5026	4094	4123	4774	4689	4810	4715	3
4576	5027	4093	4126	4824	4894	4795	4935	3
4571	5026	4098	4126	4273	4415	4179	4460	3
4571	5026	4101	4124	3908	3963	3903	3951	3
4577	5025	4097	4127	4273	4290	4327	4258	3
4573	5025	4095	4126	4686	4776	4662	4742	3
4570	5028	4095	4121	4134	4196	4129	4132	3
4576	5028	4098	4124	3210	3167	3289	3112	3
4579	5027	4100	4128	3296	3227	3331	3247	3
4580	5028	4097	4126	4134	4116	4102	4132	3
4580	5031	4096	4124	4413	4398	4385	4354	3
4581	5032	4103	4125	3958	3898	3945	3893	3
4581	5032	4104	4127	3613	3544	3606	3596	3
4580	5030	4097	4126	3950	3869	3951	3927	3
4576	5030	4093	4125	4519	4425	4519	4454	3
4574	5029	4096	4125	4451	4370	4434	4359	3
4582	5031	4101	4127	3886	3819	3832	3822	3
4584	5031	4103	4128	3983	3922	3902	3935	3
4575	5028	4097	4126	4907	4867	4794	4881	3
4574	5027	4092	4123	5302	5327	5227	5355	3
4576	5029	4096	4123	4609	4668	4657	4690	3
4575	5030	4100	4126	3934	3977	4015	3986	3
4574	5028	4098	4128	4263	4240	4212	4251	3
4574	5028	4095	4125	4794	4760	4693	4770	3
4576	5030	4096	4123	4471	4542	4447	4560	3
4577	5030	4100	4125	3784	3937	3758	3961	3
4577	5029	4100	4127	3795	3876	3721	3877	3
4576	5029	4096	4127	4341	4389	4339	4371	3
4573	5030	4095	4123	4583	4666	4601	4660	3
4576	5031	4096	4124	4090	4087	4008	4093	3
4583	5033	4100	4128	3292	3193	3236	3199	3
4584	5033	4100	4127	3338	3278	3373	3284	3
4581	5030	4096	4127	4179	4161	4197	4172	3
4577	5028	4095	4126	4395	4418	4407	4428	3
4578	5032	4100	4124	3845	3941	3888	3930	3
4574	5032	4101	4125	3656	3680	3665	3688	3
4565	5024	4095	4124	4251	4106	4213	4164	3
4568	5024	4092	4123	4727	4607	4739	4653	3
4578	5030	4098	4125	4413	4407	4447	4401	3
4576	5029	4101	4126	3851	3863	3837	3845	3
4569	5023	4097	4124	4075	4004	4001	4013	3
4570	5024	4094	4122	4895	4840	4825	4852	3
4573	5027	4095	4123	5154	5223	5104	5236	3
4567	5025	4097	4123	4532	4626	4480	4648	3
4562	5022	4097	4123	3974	3963	3954	3954	3
4567	5024	4095	4125	4291	4260	4324	4202	3
4566	5023	4092	4124	4749	4734	4761	4681	3
4562	5024	4093	4121	4247	4129	4196	4138	3
4565	5026	4098	4122	3389	3259	3333	3305	3
4575	5025	4100	4125	3447	3500	3477	3510	3
4581	5024	4095	4125	4182	4281	4232	4283	3
4578	5027	4094	4124	4446	4458	4437	4514	3
4581	5029	4100	4127	3962	3964	3943	4040	3
4587	5030	4103	4129	3375	3342	3375	3385	3
4587	5029	4100	4128	3540	3441	3544	3447	3
4583	5029	4096	4126	4299	4237	4304	4247	3
4582	5031	4096	4127	4450	4412	4438	4428	3
4582	5030	4100	4127	3848	3795	3827	3752	3
4577	5025	4101	4125	3847	3820	3811	3773	3
4575	5024	4096	4125	4777	4748	4724	4807	3
4583	5030	4095	4129	5167	5109	5124	5169	3
4591	5032	4101	4129	4494	4451	4469	4418	3
4593	5032	4106	4127	3941	3872	3892	3856	3
4589	5032	4104	4128	4145	4046	4145	4068	3
4582	5030	4099	4127	4737	4735	4791	4730	3
4587	5031	4098	4129	5049	5168	5029	5185	3
4591	5031	4101	4131	4554	4672	4490	4709	3
4584	5028	4101	4127	3927	3965	3939	3987	3
4575	5023	4096	4125	4202	4223	4228	4236	3
4567	5017	4094	4123	4705	4786	4669	4796	3
4567	5019	4096	4122	4143	4199	4147	4212	3
4576	5024	4100	4127	3202	3170	3272	3196	3
4580	5023	4101	4128	3331	3263	3336	3277	3
4580	5022	4095	4124	4126	4109	4077	4101	3
4583	5027	4094	4125	4365	4379	4388	4372	3
4584	5028	4100	4128	3934	3902	4010	3912	3
4578	5024	4103	4127	3493	3436	3530	3474	3
4577	5023	4097	4126	3747	3646	3716	3701	3
4582	5024	4093	4126	4432	4340	4395	4354	3
4581	5025	4096	4127	4413	4434	4486	4415	3
4580	5027	4103	4129	3761	3829	3896	3836	3
4577	5025	4102	4127	3898	3873	3930	3887	3
4574	5022	4093	4123	4901	4858	4838	4860	3
4578	5025	4091	4127	5228	5269	5205	5292	3
4581	5025	4097	4130	4511	4507	4518	4541	3
4578	5021	4103	4127	3953	3858	3898	3873	3
4580	5022	4100	4125	4257	4178	4194	4180	3
4577	5023	4094	4126	4763	4770	4740	4775	3
4578	5024	4095	4125	4684	4782	4647	4804	3
4587	5027	4101	4126	4119	4250	4057	4281	3
4587	5026	4103	4129	3911	3955	3854	3964	3
4583	5024	4101	4130	4354	4294	4271	4300	3
4582	5023	4095	4127	4687	4622	4613	4651	3
4576	5022	4095	4124	4086	4017	4104	4049	3
4570	5023	4099	4125	3166	3069	3202	3087	3
4581	5026	4100	4128	3270	3211	3263	3218	3
4594	5029	4095	4129	4204	4170	4195	4183	3
4594	5030	4096	4130	4462	4441	4441	4466	3
4592	5029	4104	4130	3849	3921	3822	3942	3
4595	5028	4104	4130	3675	3722	3691	3756	3
4594	5028	4096	4130	4376	4213	4373	4281	3
4588	5027	4093	4129	4815	4650	4805	4691	3
4583	5026	4097	4127	4362	4410	4450	4392	3
4581	5026	4100	4126	3789	3895	3892	3886	3
4578	5025	4099	4127	4008	4003	3984	4022	3
4574	5023	4097	4126	4841	4851	4747	4851	3
4576	5023	4095	4125	5245	5318	5188	5320	3
4581	5025	4098	4128	4660	4694	4634	4711	3
4579	5025	4102	4130	3980	3992	3954	3978	3
4575	5024	4100	4126	4242	4313	4275	4264	3
4571	5021	4095	4123	4695	4781	4787	4757	3
4576	5022	4095	4127	4243	4276	4284	4306	3
4580	5023	4100	4126	3522	3553	3476	3588	3
4574	5020	4100	4123	3637	3748	3640	3737	3
4576	5019	4097	4127	4292	4374	4349	4374	3
4582	5025	4097	4130	4520	4498	4522	4565	3
4581	5028	4098	4127	4011	3970	3974	4040	3
4581	5024	4101	4126	3307	3253	3295	3275	3
4583	5022	4100	4128	3410	3337	3416	3346	3
4583	5025	4095	4130	4234	4190	4240	4190	3
4574	5022	4093	4127	4419	4428	4446	4403	3
4570	5022	4098	4125	3832	3882	3864	3844	3
4572	5022	4101	4127	3745	3749	3744	3778	3
4572	5019	4096	4127	4527	4427	4487	4493	3
4577	5022	4092	4127	4964	4855	4937	4891	3
4583	5024	4097	4127	4427	4401	4472	4469	3
4582	5023	4105	4125	3820	3819	3886	3917	3
4577	5023	4100	4127	4041	4088	4082	4066	3
4576	5022	4092	4128	4768	4875	4765	4792	3
4574	5019	4092	4125	5008	5108	4962	5133	3
4571	5020	4096	4123	4440	4525	4389	4593	3
4572	5020	4100	4125	3949	3976	3904	3961	3
4574	5020	4100	4127	4317	4245	4226	4261	3
4572	5021	4096	4125	4773	4685	4666	4753	3
4574	5022	4094	4123	4185	4127	4186	4134	3
4574	5021	4098	4124	3256	3215	3324	3195	3
4571	5021	4100	4125	3338	3314	3333	3337	3
4574	5023	4095	4124	4066	4041	4035	4099	3
4578	5023	4091	4126	4316	4333	4386	4346	3
4578	5022	4095	4127	3927	4004	4037	3935	3
4578	5023	4101	4126	3421	3432	3436	3392	3
4577	5022	4096	4127	3586	3467	3572	3511	3
4580	5024	4091	4127	4349	4274	4354	4287	3
4580	5025	4094	4125	4450	4496	4440	4464	3
4577	5022	4102	4129	3797	3823	3776	3856	3
4585	5024	4103	4131	3892	3853	3878	3860	3
4586	5027	4096	4127	4912	4891	4883	4846	3
4578	5025	4091	4126	5234	5244	5207	5274	3
4577	5023	4096	4127	4484	4493	4502	4540	3
4580	5023	4101	4126	3940	3929	3951	3910	3
4579	5025	4096	4127	4215	4128	4231	4136	3
4579	5025	4091	4127	4755	4684	4801	4745	3
4584	5025	4095	4126	4878	4971	4868	5006	3
4585	5026	4100	4127	4353	4507	4294	4523	3
4583	5028	4100	4129	3932	3967	3932	3974	3
4583	5028	4099	4131	4289	4296	4343	4226	3
4577	5024	4096	4127	4690	4758	4691	4628	3
4574	5025	4094	4125	4125	4110	4112	4049	3
4578	5027	4097	4127	3222	3120	3269	3136	3
4583	5028	4098	4127	3307	3261	3342	3268	3
4583	5028	4095	4127	4125	4117	4113	4111	3
4580	5028	4095	4127	4409	4344	4378	4358	3
4581	5027	4097	4126	3946	3866	3897	3900	3
4585	5028	4100	4125	3644	3593	3602	3633	3
4584	5029	4098	4128	4069	3989	4080	4038	3
4585	5030	4094	4129	4614	4513	4638	4539	3
4584	5030	4095	4126	4445	4362	4412	4366	3
4577	5027	4101	4124	3848	3801	3791	3820	3
4571	5026	4097	4125	3992	3920	3927	3946	3
4569	5026	4090	4124	4907	4858	4821	4868	3
4575	5026	4091	4126	5272	5327	5211	5337	3
4578	5026	4098	4127	4599	4660	4600	4697	3
4575	5026	4102	4125	3947	3956	3995	4014	3
4577	5027	4098	4125	4227	4280	4260	4310	3
4578	5027	4091	4124	4692	4778	4682	4778	3
4574	5027	4093	4122	4341	4411	4325	4430	3
4573	5028	4099	4124	3664	3785	3658	3815	3
4576	5026	4097	4125	3755	3843	3682	3838	3
4575	5026	4093	4123	4366	4331	4251	4301	3
4569	5025	4092	4123	4589	4530	4517	4503	3
4570	5025	4094	4123	4078	4014	4016	4007	3
4570	5024	4096	4123	3252	3161	3210	3172	3
4565	5022	4095	4122	3260	3204	3260	3211	3
4566	5024	4090	4122	4140	4142	4162	4136	3
4568	5022	4089	4123	4412	4445	4471	4438	3
4570	5021	4095	4122	3821	3894	3902	3877	3
4576	5025	4099	4124	3732	3730	3727	3746	3
4581	5029	4096	4128	4498	4378	4463	4458	3
4584	5032	4093	4129	4915	4801	4946	4868	3
4586	5033	4096	4128	4453	4376	4443	4394	3
4583	5031	4099	4128	3880	3845	3809	3865	3
4580	5027	4097	4128	4003	4064	4027	4084	3
4578	5025	4094	4125	4721	4837	4806	4834	3
4581	5028	4094	4125	5119	5205	5091	5222	3
4581	5027	4096	4127	4596	4648	4511	4688	3
4573	5023	4099	4124	3951	3960	3946	3978	3
4568	5022	4096	4124	4271	4217	4293	4208	3
4571	5023	4090	4124	4785	4709	4754	4681	3
4577	5026	4090	4124	4244	4143	4188	4140	3
4578	5028	4097	4126	3354	3274	3309	3314	3
4574	5026	4098	4126	3453	3502	3484	3515	3
4576	5024	4095	4125	4188	4282	4253	4262	3
4575	5023	4091	4124	4429	4478	4430	4491	3
4569	5023	4094	4125	3948	3995	3928	4036	3
4572	5025	4097	4126	3336	3324	3342	3352	3
4578	5026	4094	4124	3471	3377	3488	3379	3
4581	5026	4091	4125	4273	4221	4277	4217	3
4582	5027	4092	4129	4455	4429	4439	4435	3
4584	5029	4096	4130	3850	3772	3831	3763	3
4584	5029	4100	4128	3856	3787	3824	3787	3
4580	5027	4094	4126	4768	4757	4717	4802	3
4577	5025	4088	4123	5136	5104	5100	5148	3
4576	5023	4093	4121	4464	4398	4451	4397	3
4577	5026	4100	4123	3875	3824	3820	3796	3
4577	5025	4095	4125	4160	4177	4140	4072	3
4571	5022	4088	4124	4765	4845	4815	4726	3
4568	5022	4089	4124	4826	4928	4792	4943	3
4567	5020	4094	4125	4273	4375	4163	4442	3
4568	5018	4095	4124	3906	3984	3898	3987	3
4571	5021	4091	4124	4264	4307	4310	4300	3
4570	5020	4088	4123	4690	4758	4657	4775	3
4567	5017	4089	4123	4118	4168	4111	4186	3
4564	5017	4094	4123	3128	3098	3195	3126	3
4565	5017	4096	4124	3225	3184	3247	3176	3
4570	5020	4092	4127	4105	4081	4063	4087	3
4568	5021	4089	4125	4403	4396	4361	4452	3
4567	5019	4093	4120	3971	4016	3964	4020	3
4568	5020	4095	4122	3492	3518	3513	3507	3
4564	5020	4091	4124	3691	3585	3690	3647	3
4565	5022	4086	4123	4385	4296	4353	4328	3
4571	5023	4086	4123	4431	4454	4457	4420	3
4573	5023	4093	4125	3813	3809	3885	3808	3
4570	5023	4096	4125	3895	3843	3917	3876	3
4565	5022	4089	4125	4808	4833	4763	4877	3
4565	5021	4085	4122	5142	5203	5102	5260	3
4567	5021	4089	4120	4484	4463	4502	4470	3
4568	5021	4094	4123	3887	3826	3898	3813	3
4568	5021	4094	4127	4265	4183	4238	4191	3
4566	5020	4089	4123	4827	4754	4824	4767	3
4566	5020	4086	4122	4505	4590	4496	4610	3
4569	5022	4092	4126	3814	4010	3749	4037	3
4575	5022	4097	4125	3813	3911	3782	3925	3
4578	5023	4094	4124	4318	4350	4365	4365	3
4576	5023	4090	4125	4576	4631	4590	4658	3
4578	5022	4093	4127	4092	4055	4067	4075	3
4578	5023	4095	4126	3216	3120	3233	3135	3
4571	5023	4092	4123	3251	3193	3254	3212	3
4571	5021	4089	4122	4147	4131	4142	4146	3
4574	5021	4090	4124	4396	4435	4419	4439	3
4571	5024	4092	4126	3888	3943	3859	3934	3
4570	5024	4094	4123	3695	3673	3642	3695	3
4575	5022	4095	4124	4224	4098	4221	4162	3
4582	5026	4092	4129	4699	4586	4717	4628	3
4584	5027	4092	4128	4414	4405	4446	4412	3
4581	5025	4096	4124	3812	3881	3877	3902	3
4578	5024	4097	4123	3920	3994	3967	4024	3
4576	5023	4091	4125	4776	4862	4755	4857	3
4577	5023	4088	4126	5224	5305	5172	5311	3
4574	5023	4094	4126	4653	4675	4609	4704	3
4571	5022	4098	4123	3956	3986	3948	3957	3
4574	5022	4094	4123	4243	4327	4288	4245	3
4574	5021	4089	4124	4715	4796	4794	4757	3
4574	5023	4090	4124	4195	4225	4232	4253	3
4577	5026	4095	4124	3438	3469	3404	3497	3
4576	5023	4094	4126	3617	3721	3627	3719	3
4578	5024	4091	4129	4324	4414	4377	4413	3
4580	5028	4090	4126	4529	4515	4527	4572	3
4580	5027	4091	4126	3989	3928	3967	4036	3
4580	5026	4096	4128	3312	3250	3319	3316	3
4583	5028	4097	4128	3457	3400	3460	3382	3
4588	5029	4091	4129	4280	4245	4282	4252	3
4587	5029	4089	4130	4411	4422	4460	4458	3
4585	5029	4095	4127	3791	3840	3854	3778	3
4586	5029	4097	4128	3804	3844	3817	3780	3
4585	5027	4091	4128	4718	4671	4658	4734	3
4587	5026	4090	4127	5103	5018	5048	5073	3
4587	5027	4093	4128	4422	4438	4474	4412	3
4582	5026	4095	4126	3816	3910	3901	3887	3
4575	5023	4092	4122	4067	4148	4109	4080	3
4574	5024	4088	4123	4761	4841	4758	4735	3
4576	5028	4089	4126	5025	5134	4987	5149	3
4574	5026	4092	4126	4480	4578	4433	4651	3
4575	5023	4093	4126	3958	3980	3917	3977	3
4583	5028	4094	4127	4310	4267	4242	4264	3
4583	5028	4093	4126	4755	4696	4691	4720	3
4576	5024	4090	4123	4152	4085	4185	4063	3
4573	5022	4089	4123	3243	3193	3310	3181	3
4572	5022	4092	4122	3350	3336	3335	3357	3
4574	5025	4091	4122	4076	4057	4047	4088	2
4578	5026	4089	4124	4320	4334	4390	4343	2
4580	5025	4093	4127	3925	3997	4035	3945	2
4575	5023	4096	4126	3433	3455	3456	3421	2
4574	5024	4093	4124	3617	3515	3605	3552	2
4582	5028	4089	4126	4363	4297	4362	4312	2
4587	5029	4090	4129	4441	4501	4441	4461	2
4585	5025	4095	4127	3807	3854	3809	3838	2
4577	5024	4097	4126	3874	3854	3876	3876	2
4573	5025	4091	4127	4854	4844	4797	4875	2
4579	5026	4089	4125	5204	5206	5145	5249	2
4581	5025	4094	4125	4444	4448	4517	4488	2
4579	5026	4098	4127	3853	3874	3967	3919	2
4584	5030	4096	4128	4209	4148	4222	4183	2
4584	5030	4091	4126	4788	4688	4744	4717	2
4577	5026	4090	4124	4763	4841	4724	4880	2
4575	5025	4093	4125	4202	4380	4163	4403	2
4574	5026	4094	4123	3923	3942	3854	3953	2
4574	5026	4091	4124	4317	4220	4268	4242	2
4572	5026	4088	4124	4665	4604	4613	4631	2
4573	5026	4089	4123	4151	4061	4082	4105	2
4575	5027	4092	4124	3306	3190	3288	3225	2
4575	5029	4094	4124	3329	3295	3388	3296	2
4573	5025	4090	4124	4077	4076	4083	4080	2
4566	5022	4087	4121	4373	4300	4301	4333	2
4563	5025	4090	4120	3944	3858	3943	3895	2
4567	5027	4093	4123	3591	3554	3638	3590	2
4572	5026	4091	4126	3972	3923	3969	3973	2
4577	5028	4088	4126	4560	4480	4561	4510	2
4575	5029	4088	4124	4446	4364	4441	4365	2
4574	5028	4094	4123	3859	3806	3809	3816	2
4576	5027	4096	4122	4008	3934	3894	3954	2
4574	5026	4090	4123	4915	4882	4792	4892	2
4576	5027	4087	4126	5265	5335	5200	5348	2
4577	5029	4091	4125	4633	4682	4631	4704	2
4570	5029	4095	4122	3992	3985	3993	4015	2
4569	5026	4091	4124	4226	4282	4244	4301	2
4574	5026	4086	4124	4678	4771	4718	4776	2
4573	5028	4087	4122	4331	4401	4334	4421	2
4567	5026	4090	4121	3641	3754	3603	3784	2
4571	5024	4091	4122	3706	3811	3658	3806	2
4583	5027	4091	4128	4363	4324	4298	4339	2
4586	5032	4090	4131	4604	4506	4540	4533	2
4583	5032	4090	4127	4045	4003	4009	3956	2
4583	5029	4093	4127	3291	3246	3295	3198	2
4586	5029	4095	4129	3413	3329	3412	3367	2
4587	5033	4090	4128	4238	4190	4238	4221	2
4581	5032	4087	4127	4384	4432	4456	4407	2
4578	5029	4091	4127	3784	3915	3901	3888	2
4579	5028	4095	4126	3729	3770	3744	3794	2
4578	5029	4090	4125	4501	4390	4460	4466	2
4580	5031	4086	4128	4912	4794	4935	4865	2
4583	5030	4090	4127	4425	4370	4432	4383	2
4577	5025	4095	4124	3881	3849	3805	3851	2
4572	5025	4092	4124	4010	4060	4029	4075	2
4573	5025	4086	4125	4711	4827	4810	4838	2
4580	5028	4086	4126	5138	5227	5112	5245	2
4581	5031	4090	4126	4626	4688	4535	4722	2
4579	5028	4094	4125	3964	3971	3966	3991	2
4580	5027	4095	4125	4296	4227	4323	4249	2
4581	5030	4091	4125	4758	4738	4774	4737	2
4579	5029	4090	4125	4114	4161	4174	4110	2
4576	5025	4093	4126	3272	3292	3305	3261	2
4575	5027	4093	4128	3518	3530	3515	3562	2
4581	5031	4090	4127	4269	4315	4282	4358	2
4582	5027	4090	4124	4435	4464	4432	4517	2
4581	5026	4092	4126	3955	3932	3938	4018	2
4580	5032	4094	4129	3422	3343	3405	3415	2
4580	5032	4091	4129	3577	3502	3576	3501	2
4584	5029	4086	4128	4315	4269	4315	4272	2
4583	5030	4087	4127	4434	4381	4421	4422	2
4578	5028	4092	4127	3839	3775	3817	3770	2
4579	5025	4093	4127	3862	3838	3827	3803	2
4581	5026	4089	4126	4789	4774	4735	4823	2
4581	5025	4086	4125	5152	5114	5110	5172	2
4580	5024	4090	4127	4463	4421	4443	4397	2
4586	5028	4097	4128	3928	3857	3877	3840	2
4592	5029	4096	4129	4163	4075	4165	4095	2
4587	5027	4090	4128	4730	4745	4795	4743	2
4585	5028	4089	4129	4974	5094	4958	5111	2
4587	5029	4095	4130	4480	4587	4422	4629	2
4585	5028	4096	4129	3933	3994	3934	4004	2
4587	5029	4093	4128	4253	4311	4297	4308	2
4590	5029	4091	4128	4645	4722	4721	4734	2
4591	5029	4092	4128	4029	4087	4140	4075	2
4589	5028	4094	4129	3232	3238	3302	3210	2
4586	5027	4093	4129	3478	3404	3455	3427	2
4582	5025	4090	4127	4189	4128	4173	4192	2
4578	5024	4089	4126	4318	4350	4392	4379	2
4575	5026	4092	4124	3904	3924	4008	3921	2
4572	5025	4094	4124	3500	3453	3536	3483	2
4569	5019	4088	4124	3733	3631	3688	3686	2
4572	5022	4085	4127	4397	4312	4366	4329	2
4578	5027	4090	4128	4392	4417	4476	4398	2
4583	5026	4097	4126	3778	3849	3895	3846	2
4584	5024	4096	4128	3915	3880	3952	3902	2
4581	5025	4089	4127	4920	4851	4894	4864	2
4581	5028	4087	4125	5263	5303	5243	5317	2
4582	5025	4092	4125	4542	4571	4534	4634	2
4579	5022	4096	4126	3943	3875	3905	3967	2
4578	5025	4093	4128	4277	4193	4165	4226	2
4580	5024	4087	4127	4777	4781	4675	4770	2
4578	5022	4090	4125	4570	4677	4540	4703	2
4576	5023	4094	4127	3987	4117	3940	4152	2
4577	5024	4094	4127	3854	3940	3802	3940	2
4582	5025	4093	4127	4268	4333	4307	4341	2
4582	5026	4091	4126	4592	4621	4619	4643	2
4581	5028	4091	4127	4118	4056	4070	4071	2
4582	5028	4094	4127	3243	3146	3218	3161	2
4578	5024	4092	4125	3264	3233	3296	3241	2
4580	5024	4088	4127	4181	4144	4170	4160	2
4588	5028	4091	4130	4459	4411	4405	4461	2
4595	5031	4097	4130	3846	3903	3832	3952	2
4592	5031	4098	4128	3672	3726	3707	3763	2
4588	5030	4093	4129	4390	4244	4384	4301	2
4592	5030	4090	4130	4831	4669	4817	4709	2
4591	5029	4095	4129	4371	4411	4444	4392	2
4586	5028	4100	4127	3790	3910	3916	3894	2
4585	5028	4095	4128	3952	4026	3995	4049	2
4586	5028	4090	4128	4777	4865	4731	4871	2
4589	5028	4090	4126	5265	5335	5209	5334	2
4592	5030	4095	4127	4705	4714	4671	4742	2
4593	5032	4100	4131	4015	4020	4010	4035	2
4594	5032	4098	4133	4258	4301	4274	4201	2
4593	5028	4092	4129	4728	4777	4717	4644	2
4592	5028	4094	4128	4409	4468	4367	4464	2
4592	5030	4098	4129	3753	3839	3718	3906	2
4589	5029	4097	4129	3745	3830	3734	3831	2
4588	5028	4094	4129	4332	4331	4307	4342	2
4586	5028	4092	4129	4577	4514	4542	4551	2
4581	5026	4092	4128	4011	3972	4001	3935	2
4579	5026	4094	4125	3291	3237	3303	3201	2
4581	5027	4094	4126	3449	3372	3440	3404	2
4581	5026	4089	4129	4244	4209	4245	4212	2
4575	5027	4088	4129	4376	4412	4443	4368	2
4573	5028	4095	4125	3791	3874	3863	3830	2
4577	5024	4098	4124	3777	3817	3787	3834	2
4578	5023	4091	4127	4637	4556	4584	4602	2
4582	5028	4087	4128	5032	4929	5002	4973	2
4588	5030	4093	4129	4411	4408	4472	4464	2
4590	5030	4100	4129	3853	3888	3916	3916	2
4583	5027	4096	4129	4058	4100	4124	4031	2
4576	5023	4089	4128	4714	4789	4781	4732	2
4580	5024	4090	4127	5049	5136	5031	5177	2
4577	5025	4095	4128	4548	4622	4487	4665	2
4572	5022	4098	4128	3946	3956	3907	3969	2
4578	5024	4095	4129	4321	4254	4243	4268	2
4582	5027	4090	4129	4779	4706	4686	4704	2
4584	5030	4092	4128	4160	4104	4147	4123	2
4591	5033	4098	4133	3396	3356	3389	3393	2
4599	5037	4099	4136	3649	3681	3630	3680	2
4600	5039	4095	4133	4321	4408	4371	4413	2
4594	5033	4094	4130	4426	4448	4463	4519	2
4592	5031	4097	4131	3964	3883	3897	3956	2
4593	5035	4099	4132	3528	3425	3443	3460	2
4586	5033	4093	4129	3775	3706	3774	3721	2
4583	5029	4088	4128	4425	4378	4450	4382	2
4588	5033	4093	4131	4416	4368	4396	4387	2
4589	5037	4100	4130	3840	3775	3795	3808	2
4589	5034	4098	4129	3928	3863	3884	3885	2
4592	5033	4095	4131	4852	4824	4817	4853	2
4593	5035	4094	4131	5227	5240	5220	5276	2
4587	5033	4094	4129	4595	4576	4579	4594	2
4585	5032	4097	4130	4041	3975	3992	4000	2
4588	5034	4096	4130	4237	4144	4190	4163	2
4588	5035	4091	4128	4764	4703	4735	4699	2
4590	5035	4092	4131	4897	4968	4869	4989	2
4593	5034	4098	4133	4383	4524	4353	4566	2
4594	5034	4099	4131	3962	3977	3930	3972	2
4596	5036	4096	4132	4338	4238	4327	4238	2
4592	5034	4095	4133	4646	4657	4713	4670	2
4590	5032	4095	4131	3999	4089	4120	4056	2
4589	5033	4098	4129	3224	3205	3303	3181	2
4586	5033	4096	4129	3425	3326	3411	3352	2
4586	5034	4091	4132	4149	4120	4136	4132	2
4583	5033	4090	4130	4324	4338	4361	4315	2
4585	5031	4095	4128	3884	3870	3885	3854	2
4591	5033	4097	4132	3713	3651	3664	3674	2
4592	5035	4094	4136	4242	4118	4236	4155	2
4592	5035	4093	4133	4703	4574	4731	4598	2
4588	5036	4094	4130	4401	4331	4372	4357	2
4583	5033	4095	4130	3886	3809	3807	3863	2
4585	5030	4096	4130	4031	3962	3930	3995	2
4586	5030	4093	4128	4829	4868	4731	4887	2
4586	5031	4089	4129	5261	5341	5208	5372	2
4583	5031	4093	4129	4705	4713	4688	4717	2
4581	5031	4099	4130	4011	4028	4025	4022	2
4583	5032	4096	4131	4209	4283	4228	4297	2
4581	5031	4088	4128	4693	4767	4687	4772	2
4576	5028	4087	4124	4440	4514	4414	4527	2
4576	5029	4093	4125	3814	3915	3773	3946	2
4581	5031	4096	4127	3802	3896	3738	3886	2
4588	5033	4093	4129	4353	4412	4313	4356	2
4588	5032	4092	4129	4618	4619	4592	4568	2
4585	5029	4093	4127	4098	4034	4029	3993	2
4582	5028	4097	4128	3291	3213	3253	3187	2
4581	5030	4095	4127	3344	3304	3377	3313	2
4582	5033	4089	4127	4193	4162	4204	4180	2
4581	5032	4088	4128	4413	4430	4412	4428	2
4582	5031	4094	4129	3806	3930	3859	3916	2
4581	5028	4096	4129	3702	3746	3722	3758	2
4581	5028	4092	4126	4461	4314	4433	4382	2
4589	5035	4092	4127	4887	4748	4914	4810	2
4588	5033	4096	4130	4444	4393	4455	4383	2
4581	5026	4099	4129	3906	3868	3841	3844	2
4578	5028	4095	4127	4011	4035	4008	4046	2
4579	5030	4090	4127	4727	4837	4789	4837	2
4580	5028	4090	4129	5187	5267	5159	5272	2
4577	5028	4095	4127	4658	4689	4589	4730	2
4575	5027	4097	4126	3953	3957	3948	3967	2
4577	5027	4093	4127	4260	4270	4322	4220	2
4581	5028	4091	4128	4749	4770	4817	4727	2
4587	5030	4095	4130	4187	4174	4209	4190	2
4591	5031	4101	4132	3388	3395	3376	3446	2
4587	5028	4098	4129	3620	3672	3646	3674	2
4586	5028	4093	4127	4379	4376	4388	4342	2
4589	5029	4093	4129	4538	4456	4492	4475	2
4592	5030	4097	4130	3986	3887	3968	3950	2
4587	5030	4100	4128	3379	3264	3379	3294	2
4580	5030	4094	4124	3507	3413	3507	3418	2
4583	5031	4089	4126	4281	4249	4294	4248	2
4586	5031	4094	4131	4469	4417	4464	4411	2
4586	5030	4100	4131	3852	3764	3833	3770	2
4588	5030	4097	4131	3872	3832	3849	3817	2
4592	5032	4095	4132	4884	4886	4854	4866	2
4596	5034	4095	4132	5272	5242	5244	5271	2
4593	5031	4095	4130	4511	4443	4487	4488	2
4589	5029	4100	4129	3917	3850	3875	3867	2
4585	5030	4099	4129	4162	4075	4160	4075	2
4579	5027	4092	4125	4748	4716	4775	4720	2
4578	5026	4090	4127	4986	5076	4948	5098	2
4577	5027	4094	4130	4478	4583	4424	4624	2
4576	5026	4096	4127	3924	3964	3912	3982	2
4580	5026	4095	4127	4241	4279	4271	4287	2
4584	5029	4092	4130	4629	4715	4710	4760	2
4586	5031	4092	4130	4024	4083	4132	4149	2
4590	5031	4098	4132	3242	3238	3308	3272	2
4596	5032	4100	4136	3489	3399	3461	3395	2
4601	5035	4093	4134	4212	4116	4171	4108	2
4593	5033	4093	4128	4341	4345	4337	4345	2
4587	5029	4097	4129	3904	3921	3876	3929	2
4589	5027	4100	4130	3569	3511	3530	3538	2
4588	5028	4096	4129	3896	3787	3871	3824	2
4588	5031	4093	4130	4485	4409	4486	4416	2
4593	5032	4096	4131	4394	4416	4456	4403	2
4597	5035	4102	4131	3820	3885	3889	3884	2
4598	5036	4101	4133	3886	3920	3891	3925	2
4598	5034	4096	4135	4811	4846	4781	4847	2
4598	5035	4095	4134	5326	5367	5305	5379	2
4594	5037	4098	4131	4743	4745	4730	4761	2
4591	5032	4098	4128	4057	4081	4056	4079	2
4591	5029	4097	4130	4122	4208	4178	4222	2
4590	5031	4095	4132	4622	4711	4690	4754	2
4593	5035	4094	4131	4800	4870	4785	4903	2
4593	5033	4099	4130	4332	4403	4253	4416	2
4587	5028	4099	4130	3888	3936	3847	3951	2
4584	5028	4094	4130	4261	4244	4243	4264	2
4585	5028	4093	4129	4708	4627	4646	4648	2
4587	5029	4097	4130	4145	4032	4074	4058	2
4586	5031	4098	4130	3234	3139	3216	3157	2
4584	5029	4095	4129	3336	3280	3363	3286	2
4586	5029	4092	4129	4184	4149	4187	4165	2
4584	5031	4092	4130	4425	4409	4368	4440	2
4586	5031	4098	4130	3874	3918	3824	3944	2
4592	5032	4100	4131	3718	3716	3705	3750	2
4595	5036	4096	4130	4384	4208	4378	4274	2
4595	5037	4094	4129	4833	4656	4836	4699	2
4593	5032	4096	4130	4403	4419	4447	4402	2
4591	5031	4101	4131	3797	3906	3898	3896	2
4588	5032	4101	4130	3948	4014	3989	4040	2
4584	5029	4094	4128	4789	4862	4727	4861	2
4582	5027	4090	4130	5251	5322	5184	5322	2
4581	5028	4095	4131	4684	4696	4652	4722	2
4582	5030	4101	4129	3991	4012	3987	3989	2
4588	5031	4097	4131	4253	4328	4271	4245	2
4587	5029	4091	4131	4714	4784	4738	4744	2
4584	5029	4093	4128	4321	4344	4317	4375	2
4585	5032	4096	4129	3648	3672	3608	3704	2
4585	5031	4096	4131	3692	3783	3693	3786	2
4582	5027	4094	4129	4288	4368	4327	4385	2
4578	5027	4091	4125	4528	4507	4528	4542	2
4586	5032	4095	4129	4014	3942	3995	3960	2
4598	5035	4103	4137	3338	3265	3364	3267	2
4598	5035	4101	4135	3509	3430	3521	3442	2
4596	5036	4093	4129	4296	4244	4293	4265	2
4591	5034	4094	4130	4372	4405	4448	4407	2
4587	5033	4100	4132	3762	3861	3866	3812	2
4591	5034	4100	4133	3810	3860	3838	3840	2
4592	5034	4094	4133	4728	4636	4672	4691	2
4586	5032	4093	4132	5085	4966	5042	5017	2
4585	5034	4096	4129	4397	4412	4463	4421	2
4589	5035	4100	4129	3841	3934	3950	3911	2
4587	5030	4099	4130	4069	4153	4129	4089	2
4584	5028	4094	4128	4736	4822	4735	4782	2
4586	5033	4093	4128	5098	5181	5063	5219	2
4587	5036	4097	4130	4608	4662	4567	4706	2
4589	5032	4100	4131	3964	3999	3929	4000	2
4591	5032	4097	4132	4276	4267	4230	4290	2
4584	5031	4093	4129	4710	4715	4675	4733	2
4582	5030	4093	4128	4046	4135	4057	4087	2
4586	5033	4096	4130	3241	3304	3236	3266	2
4586	5034	4098	4129	3553	3500	3556	3524	2
4589	5033	4095	4130	4315	4239	4354	4286	2
4591	5031	4093	4132	4430	4462	4439	4460	2
4586	5031	4095	4131	3932	4018	3913	3955	2
4581	5034	4099	4130	3467	3448	3456	3422	2
4584	5036	4097	4129	3691	3558	3695	3596	2
4590	5035	4091	4129	4389	4314	4388	4322	2
4585	5033	4092	4129	4420	4457	4412	4443	2
4582	5035	4100	4132	3822	3805	3797	3859	2
4586	5035	4099	4132	3907	3833	3899	3874	2
4585	5031	4092	4129	4887	4848	4864	4825	2
4584	5031	4091	4129	5226	5209	5192	5231	2
4585	5034	4095	4130	4450	4450	4510	4534	2
4589	5035	4098	4130	3890	3882	3965	3969	2
4595	5036	4100	4133	4182	4127	4201	4158	2
4596	5039	4098	4134	4757	4738	4769	4720	2
4593	5038	4094	4131	4937	5030	4922	5046	2
4587	5033	4096	4128	4418	4532	4370	4588	2
4585	5031	4098	4131	3932	3977	3914	3964	2
4588	5036	4095	4133	4284	4296	4331	4199	2
4586	5037	4092	4129	4654	4707	4721	4641	2
4586	5036	4095	4129	4028	4058	4099	4083	2
4588	5035	4098	4131	3228	3160	3267	3194	2
4577	5029	4093	4126	3368	3298	3386	3297	2
4569	5027	4090	4124	4088	4074	4096	4076	2
4574	5030	4092	4127	4361	4308	4337	4319	2
4582	5033	4096	4130	3961	3870	3932	3881	2
4585	5034	4098	4131	3655	3588	3652	3616	2
4586	5034	4096	4132	4073	3979	4083	4030	2
4588	5033	4092	4131	4618	4505	4633	4529	2
4586	5033	4093	4129	4430	4357	4419	4349	2
4585	5036	4100	4129	3895	3820	3828	3810	2
4587	5036	4102	4132	4013	3942	3898	3956	2
4587	5032	4096	4132	4846	4866	4748	4905	2
4588	5033	4093	4131	5281	5340	5231	5369	2
4584	5035	4095	4130	4706	4711	4689	4715	2
4577	5033	4097	4127	4013	4037	4027	4050	2
4578	5032	4095	4129	4174	4251	4197	4268	2
4580	5032	4091	4132	4697	4768	4692	4769	2
4587	5034	4094	4132	4621	4680	4579	4697	2
4592	5035	4101	4130	4032	4107	3961	4136	2
4590	5034	4099	4127	3827	3920	3789	3918	2
4590	5034	4094	4128	4317	4363	4344	4373	2
4592	5033	4095	4132	4606	4616	4656	4646	2
4592	5035	4098	4133	4011	4041	4054	4022	2
4591	5036	4101	4131	3229	3218	3271	3181	2
4588	5034	4098	4129	3388	3312	3425	3326	2
4586	5034	4092	4130	4206	4155	4208	4178	2
4586	5035	4092	4130	4385	4431	4357	4422	2
4588	5035	4097	4128	3823	3946	3811	3931	2
4590	5035	4098	4130	3720	3750	3732	3772	2
4589	5034	4094	4132	4441	4279	4448	4350	2
4590	5035	4094	4131	4873	4705	4881	4762	2
4590	5035	4096	4131	4413	4392	4434	4379	2
4590	5035	4099	4132	3866	3887	3889	3870	2
4590	5034	4100	4133	3993	4042	4012	4065	2
4587	5034	4093	4132	4751	4850	4735	4863	2
4586	5034	4092	4133	5229	5286	5170	5295	2
4588	5033	4098	4132	4682	4694	4639	4728	2
4591	5031	4101	4131	3989	3981	3978	4002	2
4592	5033	4098	4132	4271	4267	4277	4233	2
4590	5037	4093	4131	4729	4765	4738	4709	2
4593	5037	4094	4132	4274	4295	4268	4296	2
4594	5035	4098	4133	3562	3562	3544	3618	2
4591	5035	4101	4132	3672	3743	3696	3757	2
4591	5036	4097	4134	4330	4428	4373	4397	2
4593	5034	4097	4136	4541	4532	4545	4557	2
4595	5034	4102	4134	4004	3901	3984	3978	2
4592	5036	4100	4130	3364	3238	3354	3283	2
4584	5030	4093	4128	3508	3426	3517	3417	2
4586	5028	4091	4130	4280	4242	4293	4237	2
4591	5033	4095	4132	4437	4390	4444	4403	2
4594	5034	4101	4134	3855	3808	3854	3778	2
4596	5032	4101	4135	3855	3843	3848	3810	2
4588	5030	4094	4133	4765	4698	4714	4743	2
4584	5029	4090	4133	5128	5031	5072	5077	2
4588	5030	4094	4135	4428	4427	4454	4409	2
4595	5033	4102	4132	3891	3916	3936	3892	2
4597	5035	4101	4131	4129	4067	4173	4093	2
4591	5033	4094	4132	4719	4711	4774	4753	2
4587	5031	4093	4132	5025	5135	5013	5170	2
4587	5030	4098	4130	4554	4641	4496	4665	2
4588	5031	4101	4130	3931	3973	3929	3993	2
4588	5033	4098	4133	4210	4263	4258	4286	2
4587	5032	4094	4132	4649	4711	4717	4729	2
4588	5033	4094	4131	4054	4103	4165	4109	2
4591	5033	4097	4132	3256	3266	3340	3264	2
4591	5032	4098	4131	3534	3450	3483	3465	2
4591	5033	4093	4130	4303	4209	4192	4242	2
4586	5032	4089	4128	4422	4433	4352	4446	2
4581	5031	4094	4128	3922	3950	3868	3940	2
4585	5031	4098	4132	3510	3451	3458	3472	2
4588	5032	4095	4131	3788	3646	3770	3701	2
4584	5033	4090	4128	4426	4329	4420	4346	2
4581	5032	4090	4129	4389	4425	4414	4402	2
4585	5032	4095	4131	3795	3851	3852	3854	2
4590	5032	4097	4130	3923	3873	3945	3893	2
4587	5031	4093	4129	4891	4827	4884	4838	2
4583	5030	4090	4131	5240	5254	5241	5284	2
4581	5028	4094	4130	4547	4533	4513	4573	2
4579	5028	4098	4129	3984	3895	3913	3911	2
4581	5030	4095	4133	4236	4150	4245	4169	2
4582	5028	4089	4131	4752	4731	4815	4777	2
4586	5031	4089	4127	4789	4850	4772	4889	2
4588	5032	4096	4128	4249	4347	4182	4364	2
4585	5029	4098	4133	3922	3949	3876	3968	2
4586	5030	4094	4133	4335	4258	4294	4281	2
4586	5032	4091	4130	4704	4610	4634	4617	2
4586	5031	4094	4131	4130	4023	4072	4041	2
4589	5033	4097	4135	3271	3140	3270	3175	2
4594	5037	4097	4134	3378	3308	3400	3314	2
4596	5035	4095	4134	4188	4157	4183	4157	2
4595	5035	4095	4136	4429	4347	4379	4402	2
4595	5038	4097	4133	3922	3865	3875	3939	2
4595	5036	4097	4135	3691	3643	3657	3698	2
4593	5032	4094	4136	4228	4092	4233	4121	2
4594	5034	4092	4133	4717	4565	4736	4588	2
4592	5035	4095	4134	4430	4345	4386	4407	2
4590	5035	4100	4135	3841	3820	3807	3895	2
4597	5035	4101	4136	3945	3965	3935	4006	2
4600	5033	4096	4135	4831	4873	4785	4898	2
4597	5036	4094	4136	5336	5363	5278	5387	2
4595	5038	4100	4135	4729	4741	4705	4744	2
4602	5037	4104	4135	4037	4057	4046	4053	2
4610	5040	4102	4138	4253	4264	4268	4202	2
4605	5038	4100	4137	4718	4741	4705	4621	2
4596	5035	4098	4134	4563	4612	4516	4603	2
4597	5036	4098	4133	4001	4067	3969	4154	2
4601	5040	4098	4136	3848	3921	3825	3875	2
4603	5039	4096	4138	4353	4391	4295	4255	2
4600	5037	4095	4136	4636	4634	4592	4569	2
4598	5037	4095	4135	4024	4016	4045	3966	2
4597	5037	4098	4138	3272	3220	3314	3171	2
4594	5036	4097	4136	3477	3372	3467	3396	2
4591	5036	4094	4133	4257	4197	4251	4235	2
4589	5033	4094	4130	4366	4416	4449	4393	2
4590	5033	4099	4132	3782	3897	3896	3845	2
4593	5037	4101	4136	3791	3823	3804	3822	2
4592	5036	4096	4133	4656	4540	4611	4599	2
4591	5032	4093	4130	5037	4900	5038	4960	2
4589	5034	4094	4133	4418	4363	4441	4420	2
4585	5034	4097	4132	3860	3843	3850	3937	2
4587	5031	4098	4131	4029	4083	4061	4124	2
4589	5032	4095	4132	4732	4841	4776	4821	2
4590	5036	4093	4132	5183	5255	5153	5277	2
4591	5035	4096	4131	4671	4721	4620	4756	2
4591	5034	4098	4132	3971	3981	3941	4000	2
4590	5034	4097	4133	4297	4226	4215	4246	2
4588	5033	4092	4129	4772	4736	4664	4727	2
4583	5033	4092	4128	4100	4122	4053	4121	2
4574	5030	4094	4128	3221	3206	3209	3252	2
4570	5023	4094	4127	3469	3426	3490	3449	2
4575	5025	4090	4128	4235	4219	4283	4174	2
4574	5029	4090	4127	4409	4457	4414	4404	2
4572	5027	4095	4127	3935	4023	3920	4013	2
4578	5029	4098	4130	3383	3352	3382	3389	2
4578	5029	4094	4130	3510	3384	3520	3397	2
4572	5027	4086	4127	4271	4187	4261	4181	2
4567	5025	4086	4127	4426	4402	4401	4465	2
4572	5027	4093	4130	3823	3830	3801	3911	2
4580	5031	4095	4129	3838	3837	3809	3876	2
4574	5030	4090	4127	4775	4714	4725	4738	2
4574	5031	4089	4128	5153	5081	5109	5110	2
4582	5032	4093	4131	4460	4443	4458	4501	2
4582	5030	4097	4129	3879	3847	3870	3930	2
4576	5027	4096	4126	4162	4129	4156	4092	2
4574	5029	4091	4126	4778	4823	4790	4708	2
4578	5033	4091	4129	4912	4996	4887	5012	2
4578	5030	4094	4128	4362	4451	4323	4526	2
4576	5030	4094	4127	3934	3986	3918	3978	2
4578	5034	4093	4130	4290	4336	4320	4327	2
4582	5036	4092	4130	4632	4734	4697	4788	2
4586	5035	4093	4131	4040	4097	4104	4165	2
4585	5033	4097	4130	3244	3189	3291	3222	2
4584	5035	4098	4129	3419	3331	3415	3333	2
4590	5038	4095	4133	4138	4108	4112	4103	2
4589	5036	4095	4134	4303	4334	4353	4337	2
4590	5036	4098	4130	3875	3914	3988	3923	2
4592	5038	4098	4129	3557	3535	3602	3560	2
4587	5036	4096	4132	3921	3797	3874	3834	2
4588	5035	4093	4132	4525	4421	4506	4428	2
4591	5036	4093	4129	4388	4404	4462	4391	2
4583	5033	4096	4128	3782	3838	3870	3837	2
4577	5033	4097	4130	3946	3896	3966	3915	2
4578	5033	4092	4127	4912	4825	4881	4840	2
4580	5033	4089	4126	5259	5271	5230	5287	2
4577	5033	4092	4129	4544	4560	4528	4627	2
4576	5032	4096	4129	3917	3863	3898	3962	2
4574	5030	4094	4127	4257	4169	4180	4210	2
4570	5029	4089	4128	4818	4755	4709	4749	2
4571	5033	4088	4128	4608	4658	4563	4686	2
4575	5033	4092	4129	3953	4102	3932	4142	2
4570	5026	4094	4127	3860	3910	3803	3911	2
4565	5025	4092	4126	4356	4308	4287	4324	2
4567	5028	4090	4127	4629	4664	4588	4693	2
4574	5030	4094	4127	4081	4116	4090	4117	2
4575	5028	4098	4126	3205	3131	3238	3125	2
4573	5027	4096	4127	3278	3182	3267	3205	2
4580	5030	4092	4130	4167	4148	4163	4169	2
4581	5033	4091	4127	4412	4454	4429	4449	2
4579	5034	4095	4127	3869	3920	3818	3915	2
4583	5034	4100	4132	3750	3705	3681	3735	2
4589	5033	4095	4134	4373	4216	4386	4281	2
4588	5035	4090	4131	4783	4651	4813	4693	2
4582	5034	4094	4130	4451	4393	4429	4380	2
4581	5031	4097	4132	3928	3893	3898	3884	2
4582	5032	4097	4131	4020	4020	3995	4040	2
4581	5033	4093	4128	4777	4852	4725	4852	2
4580	5032	4091	4129	5230	5299	5172	5304	2
4577	5030	4094	4127	4675	4680	4635	4707	2
4575	5030	4098	4127	3965	3989	3957	3961	2
4580	5032	4096	4131	4252	4333	4286	4250	2
4580	5029	4090	4129	4714	4791	4773	4758	2
4578	5027	4087	4127	4201	4209	4226	4245	2
4576	5030	4092	4128	3466	3462	3437	3491	2
4578	5031	4098	4130	3643	3737	3653	3735	2
4585	5030	4096	4132	4331	4417	4375	4436	2
4585	5032	4094	4131	4529	4505	4529	4534	2
4580	5032	4096	4128	4002	3951	3982	3945	2
4580	5029	4098	4128	3310	3248	3313	3241	2
4580	5029	4093	4128	3403	3317	3403	3340	2
4575	5030	4089	4128	4210	4157	4214	4156	2
4574	5031	4092	4128	4397	4409	4448	4375	2
4578	5029	4095	4128	3797	3854	3855	3826	2
4581	5028	4095	4132	3780	3809	3787	3820	2
4584	5033	4094	4134	4696	4604	4642	4658	2
4587	5034	4092	4133	5100	4984	5058	5030	2
4581	5030	4093	4130	4426	4441	4474	4440	2
4577	5028	4098	4127	3835	3907	3895	3888	2
4582	5031	4096	4128	4076	4143	4122	4132	2
4579	5028	4089	4129	4735	4827	4769	4837	2
4574	5025	4088	4127	5005	5099	4977	5132	2
4575	5027	4094	4128	4488	4561	4433	4597	2
4580	5027	4098	4130	3945	3976	3908	3997	2
4582	5026	4096	4131	4295	4263	4246	4284	2
4584	5029	4093	4132	4734	4685	4701	4695	2
4587	5032	4093	4132	4120	4100	4165	4101	2
4585	5030	4094	4131	3251	3248	3293	3266	2
4580	5027	4094	4129	3480	3433	3465	3443	2
4583	5032	4094	4131	4277	4164	4224	4202	2
4586	5031	4094	4134	4447	4411	4386	4438	2
4584	5030	4094	4132	3939	4027	3930	3961	2
4577	5030	4096	4127	3398	3408	3418	3366	2
4573	5027	4096	4125	3578	3449	3581	3485	2
4576	5027	4091	4128	4329	4237	4315	4267	2
4576	5027	4090	4130	4429	4471	4430	4449	2
4570	5025	4095	4129	3795	3896	3809	3821	2
4572	5025	4097	4128	3855	3902	3854	3844	2
4576	5025	4090	4129	4834	4775	4783	4834	2
4573	5026	4086	4129	5177	5130	5131	5209	2
4570	5026	4092	4127	4446	4505	4503	4472	2
4574	5025	4096	4128	3884	3900	3932	3880	2
4576	5026	4094	4132	4186	4114	4221	4154	2
4569	5026	4091	4129	4731	4738	4826	4750	2
4573	5027	4092	4126	4779	4873	4795	4904	2
4581	5029	4095	4129	4264	4347	4168	4400	2
4576	5029	4098	4131	3920	3982	3926	3963	2
4574	5028	4094	4131	4281	4336	4354	4250	2
4576	5027	4089	4131	4698	4764	4667	4653	2
4578	5027	4090	4132	4129	4188	4129	4064	2
4576	5027	4093	4130	3128	3111	3206	3049	2
4574	5027	4093	4128	3208	3140	3210	3169	2
4580	5030	4093	4133	4132	4116	4095	4125	2
4586	5031	4093	4134	4435	4457	4429	4414	2
4587	5030	4096	4129	3948	3932	3906	3936	2
4583	5031	4097	4128	3624	3562	3576	3613	2
4580	5031	4094	4132	4008	3915	4038	3969	2
4587	5032	4090	4134	4565	4468	4594	4499	2
4589	5031	4090	4132	4441	4361	4403	4351	2
4580	5028	4093	4129	3856	3792	3810	3793	2
4576	5028	4095	4129	3988	3917	3967	3933	2
4579	5030	4091	4129	4903	4873	4858	4886	2
4584	5032	4089	4131	5284	5331	5226	5353	2
4586	5033	4094	4133	4616	4664	4613	4686	2
4590	5032	4101	4132	3960	3991	4021	4004	2
4595	5034	4100	4133	4203	4261	4234	4268	2
4589	5034	4093	4133	4700	4771	4683	4779	2
4582	5030	4089	4131	4516	4589	4488	4609	2
4581	5029	4095	4131	3896	4006	3842	4025	2
4580	5031	4097	4133	3805	3892	3763	3894	2
4578	5030	4093	4132	4310	4373	4345	4381	2
4575	5026	4090	4128	4591	4669	4616	4693	2
4576	5027	4091	4129	4082	4078	4028	4097	2
4576	5029	4093	4133	3261	3165	3241	3172	2
4575	5029	4094	4133	3320	3262	3339	3270	2
4577	5029	4090	4131	4176	4157	4177	4170	2
4580	5029	4088	4132	4401	4415	4457	4424	2
4579	5030	4092	4131	3825	3935	3924	3922	2
4574	5030	4095	4128	3659	3695	3681	3700	2
4571	5025	4090	4126	4293	4138	4252	4192	2
4574	5025	4084	4130	4748	4617	4754	4665	2
4574	5028	4087	4131	4410	4400	4431	4396	2
4569	5025	4093	4128	3855	3878	3834	3847	2
4569	5024	4095	4127	4042	4012	3993	4024	2
4569	5024	4090	4127	4847	4825	4800	4860	2
4571	5027	4086	4128	5174	5233	5123	5250	2
4574	5028	4089	4127	4572	4660	4525	4672	2
4571	5024	4094	4125	3967	3976	3963	3964	2
4566	5022	4092	4127	4270	4274	4293	4220	2
4564	5024	4084	4127	4756	4843	4768	4752	2
4566	5025	4083	4125	4253	4295	4258	4195	2
4565	5024	4090	4129	3350	3320	3348	3272	2
4565	5025	4092	4129	3444	3424	3425	3467	2
4567	5024	4087	4125	4167	4215	4176	4263	2
4560	5023	4085	4123	4413	4511	4417	4496	2
4560	5024	4089	4125	4002	4027	3929	4023	2
4567	5025	4091	4126	3338	3240	3270	3281	2
4567	5023	4088	4127	3343	3270	3370	3282	2
4569	5024	4084	4129	4196	4165	4211	4157	2
4571	5025	4086	4128	4493	4411	4444	4418	2
4571	5025	4093	4127	3854	3816	3831	3793	2
4574	5027	4096	4131	3793	3805	3780	3785	2
4580	5027	4091	4130	4702	4645	4647	4688	2
4578	5028	4087	4128	5075	4993	5037	5038	2
4575	5029	4089	4130	4453	4420	4441	4410	2
4578	5031	4094	4131	3914	3897	3887	3861	2
4581	5031	4095	4132	4126	4145	4127	4040	2
4581	5032	4091	4130	4741	4837	4768	4721	2
4585	5035	4093	4131	5030	5138	5002	5154	2
4587	5036	4096	4135	4521	4613	4478	4681	2
4587	5035	4097	4134	3960	4011	3955	4001	2
4585	5033	4092	4130	4242	4281	4257	4282	2
4578	5031	4087	4130	4639	4697	4691	4764	2
4579	5031	4088	4132	4069	4067	4181	4116	2
4582	5032	4093	4130	3234	3178	3317	3192	2
4576	5031	4093	4126	3375	3336	3346	3337	2
4575	5030	4090	4127	4083	4050	4044	4073	2
4576	5029	4089	4128	4302	4302	4365	4315	2
4573	5031	4091	4128	3904	3968	4008	3916	2
4572	5030	4093	4128	3459	3476	3497	3450	2
4574	5027	4090	4128	3697	3562	3664	3629	2
4574	5029	4085	4127	4398	4301	4368	4331	2
4572	5031	4088	4128	4398	4454	4469	4411	2
4574	5032	4094	4129	3772	3817	3891	3817	2
4580	5032	4095	4130	3905	3861	3920	3893	2
4575	5029	4089	4128	4855	4840	4791	4872	2
4571	5028	4086	4126	5152	5184	5128	5231	2
4570	5028	4088	4126	4469	4458	4475	4465	2
4571	5026	4092	4128	3944	3877	3907	3867	2
4571	5026	4094	4129	4224	4163	4240	4169	2
4572	5029	4089	4126	4747	4749	4829	4756	2
4580	5033	4087	4130	4761	4855	4755	4875	2
4585	5033	4095	4136	4212	4332	4131	4366	2
4580	5032	4099	4131	3919	3955	3885	3966	2
4578	5032	4094	4127	4328	4277	4350	4274	2
4582	5031	4088	4132	4675	4629	4646	4633	2
4587	5033	4090	4134	4133	4068	4062	4088	2
4589	5036	4095	4133	3293	3178	3280	3221	2
4589	5035	4097	4134	3383	3313	3405	3328	2
4588	5035	4092	4133	4151	4137	4155	4140	2
4585	5036	4089	4130	4387	4337	4349	4384	2
4584	5034	4093	4134	3941	3881	3874	3944	2
4583	5034	4097	4134	3665	3617	3618	3667	2
4580	5031	4094	4128	4085	4006	4110	4042	2
4580	5032	4088	4128	4604	4516	4643	4536	2
4582	5035	4087	4132	4420	4348	4376	4393	2
4580	5031	4094	4130	3844	3790	3785	3874	2
4579	5028	4096	4131	4015	3941	3913	3976	2
4579	5030	4089	4130	4925	4889	4769	4873	2
4580	5030	4086	4130	5277	5334	5204	5342	2
4580	5029	4094	4134	4638	4687	4643	4701	2
4580	5031	4100	4132	4024	4035	4012	4035	2
4578	5030	4094	4129	4231	4283	4245	4292	2
4577	5027	4088	4129	4661	4748	4721	4756	2
4587	5033	4092	4132	4462	4541	4458	4552	2
4594	5037	4100	4136	3857	3957	3787	3982	2
4589	5033	4097	4135	3783	3880	3747	3875	2
4585	5032	4092	4132	4344	4391	4333	4323	2
4584	5034	4091	4132	4619	4663	4585	4585	2
4585	5031	4092	4131	4060	4082	4015	4055	2
4581	5029	4094	4130	3255	3201	3251	3210	2
4574	5028	4091	4129	3341	3273	3349	3270	2
4576	5028	4085	4130	4180	4165	4188	4150	2
4581	5029	4087	4132	4384	4437	4456	4423	2
4582	5029	4094	4132	3777	3893	3891	3861	2
4582	5029	4097	4131	3740	3780	3758	3794	2
4586	5030	4092	4131	4590	4489	4544	4553	2
4591	5035	4091	4133	4985	4873	4993	4923	2
4590	5036	4094	4134	4413	4355	4429	4436	2
4588	5032	4096	4131	3866	3830	3835	3942	2
4588	5031	4096	4131	4035	4086	4062	4111	2
4584	5031	4095	4133	4720	4836	4782	4808	2
4583	5031	4093	4132	5127	5209	5092	5238	2
4583	5030	4093	4131	4620	4676	4545	4723	2
4577	5026	4095	4132	3962	3960	3955	3975	2
4572	5023	4092	4131	4263	4192	4249	4215	2
4567	5023	4085	4126	4794	4696	4723	4711	2
4568	5027	4084	4127	4238	4100	4221	4115	2
4572	5025	4089	4131	3286	3200	3340	3235	2
4572	5021	4093	4130	3387	3410	3389	3430	2
4570	5025	4092	4129	4175	4174	4099	4141	2
4569	5026	4085	4129	4432	4432	4391	4378	2
4571	5024	4085	4129	3935	4027	3972	4016	2
4572	5023	4096	4128	3304	3306	3325	3346	2
4567	5026	4094	4127	3429	3330	3433	3329	2
4567	5027	4082	4127	4256	4203	4263	4187	2
4573	5026	4084	4130	4454	4406	4435	4474	2
4578	5027	4095	4132	3820	3786	3793	3854	2
4575	5030	4095	4129	3823	3834	3801	3843	2
4574	5029	4087	4127	4750	4724	4698	4749	2
4577	5026	4085	4130	5103	5051	5054	5094	2
4572	5024	4088	4130	4428	4435	4450	4468	2
4570	5025	4093	4127	3874	3864	3886	3909	2
4576	5028	4095	4129	4160	4131	4167	4094	2
4576	5026	4090	4129	4759	4815	4810	4725	2
4578	5026	4088	4128	4876	4987	4867	5012	2
4579	5029	4090	4127	4336	4438	4258	4510	2
4573	5026	4092	4127	3909	3975	3911	3961	2
4571	5025	4091	4129	4245	4292	4292	4302	2
4577	5029	4090	4130	4686	4767	4663	4805	2
4584	5030	4092	4131	4141	4205	4151	4158	2
4577	5026	4093	4129	3183	3152	3256	3103	2
4570	5025	4091	4126	3266	3208	3285	3239	2
4578	5028	4088	4128	4119	4106	4072	4114	2
4584	5030	4088	4129	4423	4372	4380	4338	2
4583	5032	4093	4130	3993	3885	3990	3894	2
4581	5029	4097	4130	3546	3481	3562	3527	2
4579	5025	4093	4130	3777	3714	3770	3753	2
4577	5028	4087	4129	4428	4348	4400	4365	2
4573	5029	4089	4128	4428	4401	4454	4390	2
4573	5028	4094	4129	3818	3811	3884	3821	2
4575	5029	4094	4130	3912	3882	3935	3894	2
4573	5025	4090	4128	4856	4871	4814	4875	2
4574	5024	4086	4126	5214	5266	5176	5295	2
4577	5027	4089	4128	4521	4485	4533	4515	2
4575	5025	4094	4128	3902	3829	3888	3834	2
4571	5022	4095	4127	4258	4180	4212	4182	2
4571	5024	4089	4128	4821	4753	4808	4767	2
4576	5028	4085	4130	4571	4650	4558	4675	2
4576	5024	4090	4127	3898	4088	3844	4121	2
4571	5022	4095	4126	3838	3916	3792	3930	2
4576	5025	4093	4129	4344	4322	4332	4332	2
4581	5026	4089	4128	4628	4631	4602	4660	2
4580	5026	4091	4125	4101	4056	4075	4081	2
4575	5026	4094	4127	3190	3102	3204	3113	2
4571	5023	4093	4127	3235	3177	3236	3192	2
4573	5023	4087	4127	4126	4116	4134	4134	2
4577	5024	4085	4129	4389	4435	4406	4438	2
4577	5023	4091	4128	3915	3965	3865	3957	2
4574	5026	4096	4127	3660	3645	3598	3670	2
4571	5028	4091	4128	4085	4002	4102	4046	2
4570	5026	4084	4128	4597	4526	4634	4548	2
4567	5023	4086	4126	4403	4388	4394	4417	2
4565	5022	4091	4125	3793	3846	3786	3888	2
4568	5022	4089	4126	4007	3962	3976	3980	2
4565	5022	4083	4125	4923	4826	4829	4834	2
4563	5022	4084	4124	5187	5249	5115	5273	2
4567	5022	4088	4127	4539	4656	4536	4673	2
4570	5024	4091	4129	3946	3985	3980	3972	2
4567	5025	4090	4127	4268	4318	4309	4315	2
4563	5022	4085	4125	4715	4801	4776	4827	2
4568	5024	4087	4127	4171	4197	4210	4236	2
4571	5027	4092	4127	3379	3404	3349	3431	2
4568	5024	4090	4124	3614	3723	3598	3717	2
4569	5026	4085	4126	4343	4428	4388	4436	2
4572	5029	4084	4128	4492	4488	4512	4554	2
4577	5028	4088	4129	4002	3959	3961	4029	2
4581	5030	4092	4129	3342	3281	3309	3302	2
4576	5030	4091	4126	3390	3324	3393	3331	2
4568	5025	4083	4125	4168	4130	4185	4132	2
4563	5022	4083	4124	4417	4377	4404	4351	2
4567	5027	4091	4127	3940	3888	3866	3848	2
4573	5030	4095	4130	3803	3754	3744	3778	2
4571	5027	4089	4127	4454	4385	4443	4446	2
4569	5025	4081	4125	4893	4800	4882	4837	2
4569	5026	4086	4126	4433	4367	4445	4447	2
4571	5029	4095	4127	3838	3827	3883	3938	2
