4611	5163	4106	4226	4253	4053	4132	4622	0
4614	5164	4105	4224	4250	4052	4130	4622	0
4614	5165	4106	4225	4248	4047	4125	4612	0
4610	5161	4102	4229	4246	4038	4122	4604	0
4609	5159	4098	4226	4244	4038	4122	4605	0
4609	5160	4096	4222	4243	4034	4116	4602	0
4605	5157	4092	4223	4236	4017	4105	4589	0
4603	5153	4087	4222	4232	4009	4103	4583	0
4607	5158	4095	4221	4240	4027	4114	4595	0
4611	5166	4105	4223	4248	4048	4126	4611	0
4608	5161	4101	4225	4244	4036	4119	4603	0
4605	5157	4097	4225	4239	4026	4113	4595	0
4612	5166	4105	4226	4245	4045	4123	4610	0
4616	5171	4110	4225	4252	4057	4128	4621	0
4612	5164	4105	4225	4248	4047	4123	4612	0
4610	5161	4101	4225	4239	4036	4118	4603	0
4613	5167	4106	4227	4243	4047	4124	4613	0
4610	5167	4103	4228	4245	4046	4122	4611	0
4606	5160	4093	4224	4236	4028	4109	4595	0
4613	5164	4101	4224	4242	4041	4118	4608	0
4614	5167	4105	4227	4248	4049	4129	4617	0
4607	5162	4095	4226	4239	4031	4118	4602	0
4608	5162	4097	4224	4237	4032	4111	4597	0
4610	5162	4100	4225	4241	4037	4115	4603	0
4609	5162	4098	4224	4241	4036	4121	4605	0
4611	5166	4103	4225	4242	4043	4125	4609	0
4614	5165	4105	4227	4242	4047	4126	4610	0
4613	5162	4103	4226	4240	4041	4124	4608	0
4609	5164	4098	4222	4240	4029	4116	4601	0
4606	5163	4096	4223	4236	4025	4111	4596	0
4604	5159	4093	4227	4228	4020	4109	4592	0
4603	5158	4091	4225	4229	4017	4108	4591	0
4607	5161	4095	4224	4234	4024	4108	4594	0
4608	5162	4093	4225	4231	4019	4104	4588	0
4602	5157	4085	4223	4227	4007	4099	4581	0
4599	5151	4082	4222	4224	4001	4095	4581	0
4604	5156	4093	4224	4229	4015	4104	4591	0
4608	5165	4103	4225	4238	4034	4118	4604	0
4605	5162	4094	4223	4235	4024	4108	4595	0
4604	5158	4087	4222	4227	4012	4100	4585	0
4606	5160	4093	4223	4229	4018	4108	4591	0
4606	5160	4097	4224	4232	4024	4113	4598	0
4609	5163	4097	4227	4233	4028	4114	4602	0
4609	5164	4093	4227	4234	4024	4110	4597	0
4603	5157	4088	4221	4227	4010	4098	4586	0
4604	5157	4092	4220	4225	4014	4101	4588	0
4607	5162	4097	4225	4230	4028	4112	4598	0
4607	5164	4099	4228	4236	4034	4116	4605	0
4611	5165	4104	4229	4240	4042	4120	4611	0
4615	5168	4109	4228	4243	4051	4126	4619	0
4615	5170	4112	4228	4245	4056	4131	4623	0
4613	5167	4107	4228	4241	4047	4127	4614	0
4615	5165	4105	4227	4241	4039	4124	4609	0
4610	5162	4102	4225	4235	4030	4115	4604	0
4599	5155	4092	4221	4224	4011	4101	4585	0
4601	5155	4091	4221	4225	4009	4102	4583	0
4608	5160	4096	4223	4232	4024	4113	4598	0
4608	5163	4098	4224	4233	4031	4118	4605	0
4608	5163	4098	4223	4233	4029	4116	4601	0
4608	5163	4102	4223	4235	4029	4115	4601	0
4608	5163	4100	4224	4235	4034	4117	4606	0
4609	5164	4098	4226	4238	4038	4120	4607	0
4612	5166	4105	4226	4242	4044	4124	4611	0
4609	5164	4103	4223	4236	4036	4120	4605	0
4606	5160	4096	4222	4230	4025	4113	4596	0
4612	5164	4107	4225	4237	4042	4125	4612	0
4616	5169	4113	4226	4242	4052	4131	4622	0
4612	5167	4105	4225	4236	4040	4123	4613	0
4610	5164	4106	4224	4236	4034	4122	4610	0
4611	5161	4107	4225	4236	4034	4124	4609	0
4614	5164	4108	4229	4240	4045	4128	4613	0
4617	5169	4115	4228	4249	4062	4135	4625	0
4618	5172	4124	4230	4253	4075	4144	4637	0
4623	5174	4127	4233	4257	4088	4153	4646	0
4624	5176	4127	4232	4260	4091	4152	4647	0
4622	5175	4128	4230	4257	4086	4148	4644	0
4620	5172	4124	4229	4254	4074	4143	4637	0
4620	5168	4118	4229	4252	4069	4140	4631	0
4620	5170	4124	4230	4254	4074	4143	4634	0
4619	5173	4127	4230	4255	4072	4145	4636	0
4617	5172	4123	4229	4255	4068	4142	4633	0
4615	5168	4115	4228	4251	4060	4134	4625	0
4614	5166	4115	4229	4250	4058	4134	4625	0
4621	5170	4127	4232	4257	4081	4147	4643	0
4623	5170	4125	4231	4256	4075	4146	4642	0
4614	5164	4111	4225	4248	4046	4131	4621	0
4615	5167	4119	4227	4253	4064	4139	4628	0
4622	5172	4129	4230	4260	4087	4150	4643	0
4621	5170	4122	4227	4255	4069	4141	4634	0
4622	5169	4125	4228	4260	4074	4143	4637	0
4627	5175	4138	4233	4273	4105	4164	4660	0
4627	5175	4137	4230	4273	4101	4164	4659	0
4622	5169	4127	4227	4263	4077	4147	4641	0
4620	5166	4124	4229	4258	4071	4144	4636	0
4614	5161	4116	4227	4254	4054	4135	4622	0
4611	5159	4108	4221	4249	4040	4124	4610	0
4617	5164	4119	4225	4256	4063	4141	4630	0
4622	5169	4130	4232	4265	4085	4158	4648	0
4624	5171	4131	4232	4268	4086	4156	4647	0
4625	5170	4127	4230	4269	4083	4151	4644	0
4624	5169	4128	4228	4269	4084	4154	4645	0
4623	5168	4130	4227	4267	4085	4152	4645	0
4617	5162	4120	4225	4257	4062	4136	4627	0
4612	5157	4112	4224	4252	4043	4128	4613	0
4613	5160	4117	4225	4257	4055	4136	4622	0
4618	5165	4126	4225	4262	4073	4146	4636	0
4621	5167	4128	4224	4263	4076	4147	4640	0
4613	5161	4117	4223	4256	4054	4134	4621	0
4607	5153	4105	4222	4250	4034	4120	4602	0
4611	5156	4109	4223	4253	4043	4124	4612	0
4614	5160	4117	4224	4254	4053	4130	4621	0
4613	5157	4117	4224	4253	4052	4131	4621	0
4615	5159	4120	4225	4260	4058	4136	4629	0
4618	5161	4126	4228	4267	4069	4143	4636	0
4619	5158	4126	4227	4264	4070	4142	4631	0
4621	5160	4125	4226	4262	4069	4140	4630	0
4623	5169	4134	4228	4275	4085	4153	4648	0
4622	5168	4135	4227	4278	4088	4160	4650	0
4620	5163	4128	4226	4269	4077	4151	4638	0
4620	5161	4124	4226	4265	4069	4144	4632	0
4612	5155	4117	4222	4260	4049	4132	4620	0
4613	5155	4120	4222	4261	4054	4131	4623	0
4622	5161	4129	4228	4271	4078	4144	4639	0
4622	5162	4133	4228	4275	4085	4151	4644	0
4621	5162	4135	4224	4274	4088	4154	4646	0
4623	5163	4133	4227	4273	4089	4153	4647	0
4623	5163	4133	4228	4276	4088	4155	4648	0
4623	5163	4134	4226	4280	4088	4157	4650	0
4621	5163	4130	4226	4275	4081	4153	4645	0
4618	5159	4127	4226	4269	4073	4147	4637	0
4616	5155	4126	4224	4267	4064	4140	4631	0
4613	5154	4123	4222	4265	4058	4138	4628	0
4612	5156	4120	4221	4264	4056	4138	4623	0
4613	5154	4114	4223	4262	4050	4131	4616	0
4612	5153	4118	4225	4263	4054	4132	4623	0
4613	5155	4122	4223	4264	4058	4136	4625	0
4616	5157	4122	4221	4267	4060	4140	4626	0
4622	5162	4132	4224	4278	4083	4153	4646	0
4623	5163	4135	4227	4281	4092	4159	4653	0
4624	5160	4132	4226	4278	4085	4155	4646	0
4623	5162	4134	4226	4279	4087	4154	4645	0
4621	5162	4136	4225	4280	4088	4156	4648	0
4623	5162	4137	4226	4280	4087	4157	4650	0
4621	5159	4130	4224	4273	4073	4146	4639	0
4614	5154	4121	4222	4267	4057	4136	4625	0
4614	5155	4120	4223	4266	4056	4137	4626	0
4616	5159	4125	4222	4268	4062	4141	4633	0
4618	5158	4129	4222	4272	4073	4148	4638	0
4620	5158	4132	4225	4275	4080	4150	4642	0
4622	5163	4136	4227	4276	4087	4152	4648	0
4622	5163	4136	4225	4275	4087	4155	4649	0
4623	5163	4135	4224	4276	4091	4157	4649	0
4629	5170	4145	4227	4284	4110	4168	4664	0
4628	5168	4144	4228	4284	4103	4167	4662	0
4620	5161	4132	4223	4272	4078	4151	4642	0
4618	5161	4129	4223	4268	4076	4147	4638	0
4623	5164	4140	4227	4275	4091	4157	4652	0
4627	5167	4147	4229	4283	4103	4168	4666	0
4625	5167	4138	4226	4276	4090	4161	4653	0
4621	5163	4133	4225	4269	4076	4150	4641	0
4622	5166	4140	4226	4273	4086	4157	4649	0
4622	5171	4140	4226	4274	4090	4160	4651	0
4627	5171	4142	4229	4276	4101	4165	4659	0
4630	5172	4147	4229	4277	4107	4168	4665	0
4624	5171	4143	4225	4271	4090	4160	4651	0
4624	5171	4143	4227	4272	4092	4162	4652	0
4629	5172	4146	4227	4277	4104	4167	4663	0
4626	5173	4140	4226	4273	4096	4163	4655	0
4620	5169	4132	4225	4263	4075	4151	4638	0
4615	5161	4124	4223	4255	4055	4138	4625	0
4613	5161	4122	4222	4254	4053	4136	4623	0
4613	5165	4121	4221	4252	4053	4134	4622	0
4609	5160	4115	4218	4243	4036	4123	4611	0
4603	5154	4108	4215	4234	4015	4112	4596	0
4604	5159	4110	4215	4236	4025	4118	4601	0
4612	5165	4120	4220	4245	4047	4132	4617	0
4610	5162	4117	4220	4244	4039	4128	4611	0
4606	5162	4112	4220	4239	4030	4121	4603	0
4607	5163	4113	4218	4239	4034	4124	4607	0
4605	5162	4110	4215	4237	4026	4122	4605	0
4604	5163	4112	4217	4236	4028	4123	4607	0
4605	5162	4112	4220	4233	4027	4120	4605	0
4602	5158	4106	4218	4227	4013	4112	4594	0
4603	5161	4106	4218	4229	4018	4117	4596	0
4610	5168	4114	4223	4237	4037	4129	4610	0
4616	5171	4121	4224	4241	4050	4135	4621	0
4613	5171	4117	4223	4238	4043	4130	4617	0
4606	5170	4111	4221	4230	4024	4122	4604	0
4607	5169	4111	4218	4227	4026	4124	4604	0
4606	5166	4108	4217	4226	4024	4120	4601	0
4604	5164	4105	4218	4223	4008	4108	4593	0
4606	5169	4111	4218	4225	4015	4114	4599	0
4608	5172	4114	4216	4231	4035	4128	4612	0
4611	5176	4116	4220	4233	4046	4133	4618	0
4613	5176	4114	4221	4230	4037	4126	4611	0
4611	5172	4109	4218	4226	4024	4118	4604	0
4607	5172	4107	4221	4224	4019	4115	4598	0
4605	5172	4108	4221	4221	4016	4115	4594	0
4609	5173	4114	4220	4224	4026	4121	4606	0
4616	5177	4122	4225	4229	4043	4131	4620	0
4618	5182	4124	4226	4233	4054	4138	4623	0
4617	5182	4126	4222	4236	4057	4141	4626	0
4614	5179	4121	4223	4228	4043	4131	4616	0
4608	5177	4108	4222	4217	4018	4115	4598	0
4605	5176	4104	4221	4215	4011	4111	4596	0
4608	5177	4110	4222	4220	4024	4118	4606	0
4609	5179	4112	4222	4221	4033	4124	4607	0
4607	5181	4110	4221	4220	4026	4120	4602	0
4608	5180	4109	4221	4218	4018	4116	4598	0
4606	5175	4103	4220	4211	4007	4110	4591	0
4604	5178	4107	4219	4213	4014	4114	4592	0
4611	5188	4121	4224	4225	4040	4130	4613	0
4615	5187	4118	4225	4223	4038	4130	4616	0
4612	5183	4109	4221	4215	4027	4120	4607	0
4614	5187	4114	4221	4218	4033	4122	4609	0
4614	5188	4120	4222	4220	4038	4126	4613	0
4608	5183	4114	4221	4212	4029	4123	4608	0
4605	5181	4106	4222	4208	4015	4115	4598	0
4608	5184	4108	4223	4211	4017	4116	4601	0
4611	5187	4114	4222	4214	4028	4125	4609	0
4614	5190	4116	4225	4217	4039	4130	4615	0
4620	5197	4127	4229	4228	4058	4139	4632	0
4618	5195	4126	4228	4228	4057	4139	4634	0
4615	5192	4118	4225	4219	4043	4134	4620	0
4620	5197	4126	4227	4223	4054	4139	4625	0
4620	5198	4126	4228	4223	4055	4137	4628	0
4614	5193	4115	4226	4217	4037	4130	4616	0
4611	5190	4111	4224	4214	4026	4124	4606	0
4609	5189	4111	4221	4211	4022	4120	4604	0
4612	5191	4114	4223	4212	4030	4126	4610	0
4613	5193	4112	4225	4212	4029	4124	4607	0
4606	5191	4108	4224	4206	4014	4113	4596	0
4606	5191	4110	4223	4209	4018	4118	4602	0
4615	5196	4119	4226	4218	4044	4133	4620	0
4617	5196	4124	4225	4219	4048	4136	4623	0
4614	5195	4121	4223	4214	4035	4130	4617	0
4615	5198	4121	4226	4217	4041	4134	4623	0
4612	5195	4115	4224	4214	4034	4131	4614	0
4601	5185	4103	4219	4201	4005	4111	4588	0
4602	5187	4099	4220	4196	3998	4105	4584	0
4602	5191	4094	4218	4195	3996	4102	4583	0
4595	5187	4093	4217	4195	3989	4095	4575	0
4595	5186	4097	4219	4200	3994	4097	4580	0
4598	5187	4095	4218	4197	3994	4101	4577	0
4598	5186	4093	4218	4193	3988	4097	4572	0
4598	5186	4093	4217	4192	3984	4092	4573	0
4598	5187	4095	4216	4196	3988	4098	4579	0
4603	5191	4105	4220	4203	4007	4113	4591	0
4605	5192	4108	4221	4204	4011	4111	4593	0
4600	5189	4099	4217	4197	3999	4101	4584	0
4596	5185	4090	4216	4192	3985	4096	4574	0
4595	5184	4089	4215	4190	3978	4093	4567	0
4593	5182	4088	4214	4187	3975	4089	4564	0
4591	5180	4081	4215	4182	3964	4083	4557	0
4590	5181	4077	4215	4182	3961	4083	4553	0
4590	5183	4083	4213	4187	3969	4085	4558	0
4593	5184	4088	4213	4191	3976	4088	4568	0
4594	5186	4088	4218	4191	3975	4091	4568	0
4592	5183	4083	4218	4188	3967	4087	4558	0
4592	5182	4086	4213	4190	3969	4086	4562	0
4591	5184	4085	4212	4188	3969	4084	4562	0
4586	5178	4073	4212	4178	3948	4072	4544	0
4583	5172	4071	4209	4174	3941	4068	4537	0
4585	5177	4080	4211	4181	3955	4076	4550	0
4593	5186	4088	4216	4189	3974	4090	4567	0
4597	5187	4090	4214	4194	3982	4093	4572	0
4592	5183	4086	4211	4192	3976	4088	4566	0
4592	5184	4087	4212	4190	3980	4091	4565	0
4595	5186	4089	4212	4193	3981	4094	4568	0
4593	5186	4089	4211	4195	3979	4093	4570	0
4594	5187	4093	4214	4197	3990	4100	4576	0
4595	5189	4094	4214	4197	3987	4098	4572	0
4593	5186	4084	4210	4191	3974	4088	4563	0
4590	5180	4076	4209	4187	3967	4082	4556	0
4593	5181	4085	4212	4193	3977	4088	4563	0
4598	5191	4096	4214	4203	3993	4101	4579	0
4595	5191	4091	4214	4199	3985	4095	4572	0
4591	5184	4085	4213	4192	3977	4085	4562	0
4593	5186	4090	4212	4196	3984	4089	4569	0
4595	5189	4094	4211	4200	3990	4100	4574	0
4595	5187	4092	4210	4200	3989	4100	4574	0
4593	5185	4087	4211	4194	3976	4088	4568	0
4589	5187	4085	4212	4191	3973	4086	4564	0
4591	5188	4089	4209	4195	3984	4093	4569	0
4591	5182	4087	4205	4195	3978	4091	4564	0
4587	5181	4082	4206	4191	3967	4084	4555	0
4587	5183	4080	4211	4191	3970	4082	4556	0
4589	5184	4083	4209	4194	3973	4085	4563	0
4588	5182	4084	4207	4195	3969	4086	4562	0
4587	5182	4083	4208	4194	3970	4087	4561	0
4592	5185	4087	4208	4198	3980	4089	4569	0
4592	5185	4086	4206	4198	3976	4088	4567	0
4587	5183	4083	4203	4194	3968	4085	4559	0
4589	5181	4087	4204	4196	3979	4090	4567	0
4594	5185	4093	4208	4202	3991	4096	4573	0
4593	5188	4093	4209	4206	3992	4100	4573	0
4590	5184	4086	4204	4201	3981	4095	4566	0
4588	5180	4081	4203	4193	3973	4089	4562	0
4591	5182	4085	4205	4197	3977	4089	4566	0
4592	5185	4086	4202	4201	3974	4086	4564	0
4591	5184	4086	4202	4202	3977	4087	4565	0
4592	5185	4090	4203	4202	3986	4094	4571	0
4594	5186	4093	4205	4204	3987	4098	4573	0
4595	5188	4094	4206	4206	3991	4099	4576	0
4592	5186	4085	4203	4199	3985	4091	4568	0
4589	5181	4077	4201	4192	3968	4082	4554	0
4584	5179	4077	4201	4193	3957	4077	4549	0
4577	5175	4070	4196	4189	3948	4068	4541	0
4580	5175	4067	4195	4186	3948	4069	4539	0
4585	5180	4075	4200	4192	3960	4078	4550	0
4587	5183	4082	4200	4198	3972	4082	4558	0
4589	5182	4085	4198	4200	3980	4086	4562	0
4592	5181	4088	4200	4201	3983	4091	4566	0
4593	5184	4090	4200	4202	3987	4095	4570	0
4592	5184	4086	4198	4203	3986	4091	4567	0
4590	5184	4088	4200	4203	3984	4090	4568	0
4592	5185	4091	4203	4203	3983	4090	4569	0
4590	5182	4082	4199	4198	3971	4083	4558	0
4589	5180	4079	4196	4200	3973	4083	4558	0
4588	5179	4081	4196	4197	3971	4083	4558	0
4583	5176	4076	4191	4191	3954	4074	4546	0
4580	5176	4074	4189	4194	3954	4075	4546	0
4582	5176	4075	4194	4195	3960	4078	4550	0
4586	5177	4077	4195	4194	3966	4081	4552	0
4589	5182	4083	4194	4202	3975	4087	4561	0
4591	5183	4089	4196	4207	3987	4094	4572	0
4595	5186	4096	4199	4211	4001	4103	4583	0
4595	5186	4094	4197	4210	3995	4100	4579	0
4592	5182	4086	4192	4208	3987	4095	4572	0
4596	5187	4093	4194	4212	4002	4104	4580	0
4596	5189	4097	4197	4213	4005	4105	4580	0
4590	5181	4087	4193	4207	3986	4094	4567	0
4591	5181	4084	4193	4206	3982	4090	4568	0
4597	5188	4093	4196	4211	4002	4101	4581	0
4597	5188	4097	4196	4212	4005	4105	4582	0
4591	5181	4088	4193	4207	3985	4093	4568	0
4588	5178	4080	4191	4200	3973	4085	4557	0
4586	5176	4076	4188	4196	3969	4082	4551	0
4585	5177	4081	4188	4199	3971	4082	4555	0
4592	5184	4090	4191	4208	3989	4092	4571	0
4596	5186	4093	4194	4211	4001	4101	4579	0
4594	5186	4093	4193	4211	4005	4103	4584	0
4600	5192	4097	4193	4218	4015	4110	4593	0
4603	5193	4101	4194	4221	4018	4113	4594	0
4595	5188	4097	4191	4214	4009	4105	4586	0
4588	5183	4085	4187	4206	3989	4089	4570	0
4590	5181	4083	4187	4204	3983	4088	4565	0
4592	5179	4088	4188	4207	3990	4095	4568	0
4588	5178	4083	4186	4205	3985	4092	4562	0
4590	5183	4083	4188	4206	3989	4093	4567	0
4594	5187	4091	4191	4213	4005	4102	4582	0
4595	5188	4097	4192	4219	4014	4107	4590	0
4600	5190	4102	4192	4222	4023	4113	4596	0
4606	5194	4107	4194	4227	4036	4125	4605	0
4607	5196	4111	4196	4233	4043	4131	4612	0
4602	5190	4100	4193	4227	4023	4117	4596	0
4598	5184	4092	4190	4218	4008	4107	4582	0
4600	5189	4101	4190	4222	4020	4114	4593	0
4600	5193	4101	4189	4223	4023	4117	4600	0
4597	5188	4095	4190	4222	4016	4115	4594	0
4597	5184	4095	4190	4221	4014	4112	4592	0
4601	5190	4103	4190	4227	4029	4117	4602	0
4604	5194	4109	4191	4233	4043	4128	4612	0
4602	5191	4106	4192	4228	4033	4124	4606	0
4601	5189	4104	4193	4228	4027	4120	4601	0
4604	5193	4107	4192	4233	4032	4123	4604	0
4605	5192	4111	4190	4235	4039	4125	4606	0
4603	5189	4109	4189	4233	4037	4124	4603	0
4597	5188	4100	4186	4228	4019	4116	4592	0
4595	5188	4095	4185	4222	4010	4109	4585	0
4600	5187	4102	4188	4226	4026	4116	4594	0
4601	5187	4104	4188	4229	4028	4121	4598	0
4603	5190	4103	4188	4226	4025	4118	4596	0
4608	5195	4110	4191	4233	4045	4127	4610	0
4608	5194	4117	4194	4241	4057	4135	4621	0
4604	5190	4111	4190	4236	4040	4130	4606	0
4602	5188	4103	4187	4230	4029	4124	4596	0
4603	5190	4106	4188	4233	4040	4128	4607	0
4601	5188	4104	4188	4232	4033	4121	4602	0
4598	5184	4096	4185	4226	4014	4111	4588	0
4597	5184	4096	4184	4225	4013	4114	4588	0
4594	5183	4094	4183	4224	4013	4111	4586	0
4595	5186	4095	4186	4227	4016	4113	4589	0
4595	5186	4097	4186	4227	4016	4114	4588	0
4589	5180	4090	4183	4221	4003	4106	4577	0
4590	5178	4089	4182	4222	4005	4108	4578	0
4597	5183	4096	4184	4226	4019	4114	4587	0
4600	5188	4102	4184	4232	4027	4118	4596	0
4599	5188	4104	4184	4235	4028	4121	4597	0
4600	5186	4103	4185	4234	4032	4124	4598	0
4604	5188	4106	4184	4236	4043	4128	4605	0
4605	5190	4109	4184	4237	4044	4129	4607	0
4605	5190	4111	4188	4239	4049	4133	4610	0
4608	5192	4114	4189	4245	4056	4138	4614	0
4604	5191	4110	4183	4243	4044	4131	4607	0
4598	5185	4100	4180	4231	4029	4122	4594	0
4597	5184	4094	4184	4230	4023	4121	4588	0
4603	5192	4106	4187	4243	4043	4133	4604	0
4610	5197	4121	4189	4251	4071	4148	4627	0
4610	5193	4118	4189	4249	4070	4147	4626	0
4608	5191	4111	4188	4245	4056	4139	4613	0
4608	5193	4111	4188	4244	4056	4138	4614	0
4609	5195	4116	4190	4249	4066	4144	4622	0
4608	5195	4117	4186	4251	4062	4144	4620	0
4605	5191	4109	4182	4243	4046	4135	4607	0
4601	5187	4104	4183	4236	4038	4127	4600	0
4599	5186	4103	4185	4236	4035	4123	4596	0
4602	5187	4105	4183	4240	4040	4129	4602	0
4604	5188	4107	4182	4242	4045	4135	4609	0
4598	5184	4100	4180	4233	4029	4122	4594	0
4597	5183	4097	4178	4230	4020	4113	4582	0
4604	5188	4104	4181	4240	4039	4127	4596	0
4606	5191	4109	4184	4244	4052	4137	4610	0
4602	5187	4109	4182	4240	4046	4130	4605	0
4601	5184	4103	4181	4236	4035	4124	4595	0
4607	5190	4107	4185	4243	4049	4136	4607	0
4609	5195	4120	4190	4250	4069	4148	4623	0
4605	5192	4118	4187	4248	4061	4141	4617	0
4614	5196	4121	4188	4255	4077	4152	4628	0
4625	5204	4133	4192	4266	4106	4169	4648	0
4615	5198	4128	4189	4257	4087	4154	4633	0
4603	5189	4110	4183	4243	4052	4135	4608	0
4604	5191	4109	4182	4244	4051	4138	4608	0
4613	5200	4126	4189	4258	4083	4156	4633	0
4618	5200	4130	4189	4264	4100	4166	4647	0
4614	5195	4122	4184	4254	4086	4159	4636	0
4612	5195	4123	4186	4254	4078	4153	4628	0
4616	5199	4127	4190	4260	4086	4157	4633	0
4617	5201	4127	4187	4259	4090	4161	4638	0
4609	5196	4120	4185	4250	4071	4149	4624	0
4605	5194	4116	4187	4248	4064	4144	4616	0
4615	5202	4127	4188	4259	4090	4162	4637	0
4618	5204	4128	4186	4260	4093	4162	4640	0
4611	5198	4121	4187	4253	4074	4150	4624	0
4613	5196	4124	4189	4254	4076	4154	4627	0
4613	5195	4122	4186	4253	4075	4153	4627	0
4602	5190	4108	4181	4241	4049	4135	4605	0
4597	5189	4100	4180	4233	4031	4122	4590	0
4606	5195	4113	4184	4246	4057	4137	4609	0
4611	5198	4125	4186	4256	4082	4156	4631	0
4610	5197	4123	4185	4253	4082	4156	4633	0
4613	5198	4121	4186	4253	4083	4154	4631	0
4611	5196	4116	4185	4251	4068	4147	4620	0
4608	5194	4115	4185	4250	4061	4143	4615	0
4611	5198	4124	4186	4256	4083	4154	4630	0
4612	5198	4123	4187	4257	4086	4156	4632	0
4612	5194	4123	4188	4255	4080	4156	4629	0
4615	5198	4127	4186	4257	4088	4158	4635	0
4614	5200	4127	4185	4258	4093	4157	4636	0
4615	5198	4128	4189	4258	4092	4160	4635	0
4616	5197	4129	4188	4258	4089	4161	4636	0
4612	5196	4122	4183	4255	4080	4153	4631	0
4605	5191	4110	4183	4245	4058	4140	4611	0
4602	5189	4110	4183	4242	4048	4138	4602	0
4608	5196	4126	4183	4256	4077	4154	4625	0
4617	5203	4134	4186	4266	4100	4166	4642	0
4616	5202	4130	4188	4262	4092	4163	4637	0
4613	5197	4126	4184	4257	4084	4158	4633	0
4612	5196	4125	4182	4256	4081	4154	4629	0
4612	5197	4123	4186	4255	4077	4151	4624	0
4614	5195	4121	4188	4253	4073	4150	4623	0
4614	5194	4122	4183	4254	4076	4151	4625	0
4610	5196	4125	4183	4256	4079	4152	4624	0
4608	5195	4120	4185	4254	4072	4150	4621	0
4609	5193	4116	4183	4254	4069	4149	4619	0
4610	5195	4121	4182	4257	4073	4151	4621	0
4610	5196	4127	4184	4260	4082	4156	4627	0
4615	5196	4131	4186	4262	4093	4163	4636	0
4617	5198	4133	4188	4264	4096	4164	4640	0
4613	5198	4129	4185	4262	4087	4158	4632	0
4610	5195	4122	4182	4257	4075	4150	4619	0
4611	5193	4122	4184	4260	4083	4154	4624	0
4614	5197	4126	4185	4261	4088	4158	4633	0
4611	5195	4124	4182	4255	4076	4151	4624	0
4610	5194	4127	4182	4259	4082	4157	4627	0
4611	5195	4125	4186	4260	4084	4159	4629	0
4607	5193	4119	4186	4253	4069	4148	4616	0
4609	5195	4124	4184	4258	4076	4155	4622	0
4612	5195	4126	4184	4264	4085	4160	4629	0
4608	5191	4122	4184	4261	4075	4150	4621	0
4610	5191	4123	4185	4259	4074	4151	4619	0
4614	5195	4124	4183	4260	4084	4157	4625	0
4609	5193	4122	4181	4259	4080	4151	4622	0
4603	5188	4115	4182	4252	4057	4138	4606	0
4605	5187	4114	4182	4250	4054	4140	4605	0
4606	5187	4121	4178	4254	4068	4147	4614	0
4603	5186	4116	4178	4251	4061	4142	4609	0
4604	5187	4111	4181	4249	4051	4139	4603	0
4605	5190	4113	4181	4254	4058	4142	4605	0
4605	5192	4121	4182	4261	4075	4147	4616	0
4608	5194	4128	4185	4265	4087	4161	4631	0
4610	5193	4126	4183	4264	4079	4158	4627	0
4609	5191	4122	4180	4262	4071	4148	4620	0
4608	5191	4121	4183	4263	4075	4150	4621	0
4608	5192	4124	4184	4262	4076	4156	4620	0
4609	5192	4126	4181	4263	4075	4155	4621	0
4607	5191	4118	4180	4260	4068	4149	4617	0
4604	5191	4116	4182	4256	4063	4147	4611	0
4604	5191	4124	4183	4261	4071	4150	4615	0
4607	5187	4123	4182	4263	4074	4151	4619	0
4604	5184	4113	4180	4255	4059	4143	4607	0
4597	5186	4107	4178	4249	4040	4132	4592	0
4600	5188	4113	4180	4258	4052	4141	4603	0
4613	5193	4126	4184	4269	4087	4157	4626	0
4616	5197	4136	4187	4272	4105	4168	4639	0
4612	5196	4134	4186	4273	4101	4168	4638	0
4607	5188	4121	4182	4265	4075	4151	4620	0
4604	5183	4116	4179	4258	4062	4142	4611	0
4603	5189	4123	4180	4263	4073	4150	4618	0
4607	5193	4126	4183	4269	4086	4158	4626	0
4615	5194	4134	4184	4273	4100	4168	4638	0
4610	5191	4129	4182	4266	4084	4161	4628	0
4602	5190	4121	4182	4260	4066	4150	4612	0
4607	5192	4129	4185	4270	4089	4160	4630	0
4608	5189	4124	4182	4269	4085	4157	4626	0
4603	5186	4117	4178	4261	4066	4148	4611	0
4603	5187	4116	4180	4260	4063	4146	4610	0
4601	5184	4116	4178	4261	4062	4146	4608	0
4604	5187	4124	4180	4266	4077	4156	4619	0
4609	5190	4130	4184	4271	4090	4162	4630	0
4612	5190	4127	4185	4271	4088	4159	4628	0
4607	5188	4120	4183	4269	4074	4152	4617	0
4600	5184	4114	4179	4262	4058	4144	4609	0
4603	5184	4116	4178	4261	4063	4145	4611	0
4611	5191	4125	4182	4271	4083	4157	4625	0
4612	5195	4133	4187	4282	4104	4172	4644	0
4610	5193	4137	4186	4282	4105	4173	4644	0
4609	5193	4134	4182	4276	4095	4166	4633	0
4612	5193	4134	4183	4277	4098	4169	4635	0
4611	5190	4130	4185	4277	4094	4169	4636	0
4609	5189	4129	4186	4276	4091	4164	4631	0
4611	5189	4130	4185	4274	4089	4160	4626	0
4606	5184	4123	4182	4267	4070	4149	4612	0
4597	5182	4116	4181	4262	4056	4143	4605	0
4600	5184	4115	4182	4263	4059	4143	4608	0
4604	5183	4117	4181	4267	4067	4146	4612	0
4602	5180	4116	4180	4267	4064	4145	4609	0
4600	5180	4113	4181	4264	4056	4142	4602	0
4605	5186	4120	4182	4270	4071	4151	4614	0
4603	5183	4123	4181	4273	4074	4152	4618	0
4595	5176	4112	4179	4263	4053	4140	4602	0
4600	5182	4114	4181	4266	4058	4146	4605	0
4605	5187	4123	4183	4275	4079	4158	4619	0
4604	5183	4125	4181	4277	4082	4160	4623	0
4603	5182	4123	4179	4273	4072	4155	4620	0
4604	5183	4124	4179	4271	4068	4154	4615	0
4605	5184	4129	4182	4276	4082	4164	4624	0
4609	5187	4132	4184	4283	4093	4169	4634	0
4614	5192	4141	4187	4293	4110	4178	4649	0
4615	5194	4148	4188	4298	4127	4188	4658	0
4609	5187	4137	4185	4288	4107	4179	4640	0
4604	5184	4127	4181	4280	4082	4163	4623	0
4605	5184	4130	4180	4283	4086	4161	4628	0
4609	5183	4136	4183	4287	4100	4170	4637	0
4610	5185	4135	4183	4288	4102	4175	4637	0
4605	5184	4129	4180	4284	4089	4168	4630	0
4602	5179	4127	4180	4281	4084	4164	4628	0
4605	5180	4129	4183	4283	4087	4164	4627	0
4604	5181	4129	4182	4283	4084	4162	4624	0
4604	5181	4132	4180	4284	4088	4164	4631	0
4610	5186	4142	4184	4293	4108	4177	4648	0
4612	5190	4146	4187	4301	4120	4187	4653	0
4610	5187	4141	4186	4296	4111	4183	4645	0
4612	5186	4146	4184	4295	4115	4186	4651	0
4615	5188	4150	4184	4303	4125	4193	4658	0
4609	5185	4138	4183	4296	4104	4177	4638	0
4610	5186	4142	4183	4294	4110	4178	4646	0
4622	5195	4161	4190	4309	4149	4206	4680	0
4629	5197	4160	4192	4314	4148	4204	4675	0
4641	5192	4141	4190	4305	4112	4175	4643	0
4616	5183	4131	4182	4293	4097	4167	4633	0
4598	5182	4141	4181	4295	4110	4183	4647	0
4646	5194	4133	4193	4302	4091	4161	4629	0
4530	5160	4168	4164	4297	4154	4220	4682	0
4217	5103	4347	4101	4326	4457	4505	4948	0
4146	5125	4533	4109	4414	4766	4780	5216	0
4360	5200	4575	4176	4488	4832	4824	5269	0
4448	5222	4560	4194	4502	4813	4801	5249	0
4432	5218	4561	4185	4500	4819	4811	5254	0
4486	5229	4541	4197	4501	4778	4782	5222	0
4512	5228	4510	4202	4487	4713	4731	5172	0
4516	5227	4495	4201	4477	4691	4709	5152	0
4538	5234	4494	4203	4484	4698	4706	5150	0
4543	5233	4485	4203	4481	4680	4692	5135	0
4543	5227	4463	4201	4470	4638	4662	5107	0
4545	5221	4443	4198	4459	4600	4634	5073	0
4552	5225	4434	4200	4455	4587	4621	5053	0
4566	5232	4433	4204	4458	4595	4619	5060	0
4574	5230	4427	4203	4457	4583	4606	5054	0
4574	5227	4417	4202	4452	4561	4588	5034	0
4573	5227	4404	4204	4445	4542	4575	5013	0
4571	5223	4391	4200	4437	4522	4560	4998	0
4575	5222	4389	4197	4435	4510	4549	4991	0
4581	5221	4380	4199	4429	4493	4537	4974	0
4582	5218	4368	4200	4421	4477	4524	4960	0
4587	5220	4369	4200	4422	4478	4520	4959	0
4593	5222	4366	4201	4424	4471	4514	4953	0
4593	5221	4353	4200	4418	4451	4500	4937	0
4594	5220	4347	4198	4414	4435	4487	4927	0
4599	5220	4347	4198	4416	4433	4485	4926	0
4604	5220	4342	4199	4416	4432	4481	4921	0
4604	5216	4331	4199	4410	4416	4468	4907	0
4603	5211	4323	4197	4405	4394	4455	4890	0
4602	5210	4313	4196	4398	4373	4440	4872	0
4603	5210	4306	4196	4392	4358	4426	4860	0
4603	5207	4301	4195	4388	4346	4416	4851	0
4605	5205	4292	4196	4385	4334	4407	4841	0
4608	5208	4291	4196	4388	4334	4408	4841	0
4609	5208	4288	4195	4387	4331	4405	4840	0
4607	5203	4279	4195	4378	4317	4391	4827	0
4606	5200	4270	4194	4373	4297	4377	4810	0
4606	5200	4261	4192	4370	4276	4365	4796	0
4607	5201	4257	4189	4366	4272	4359	4791	0
4611	5198	4258	4189	4364	4275	4359	4789	0
4611	5199	4258	4191	4365	4271	4356	4785	0
4609	5200	4252	4190	4363	4261	4348	4779	0
4606	5195	4243	4188	4353	4244	4335	4765	0
4607	5194	4238	4188	4352	4238	4330	4760	0
4611	5199	4240	4190	4357	4245	4335	4764	0
4612	5197	4240	4188	4354	4240	4331	4758	0
4612	5192	4235	4189	4347	4224	4319	4746	0
4610	5192	4228	4190	4347	4213	4311	4741	0
4611	5192	4227	4190	4349	4215	4310	4738	0
4612	5191	4226	4187	4344	4211	4307	4734	0
4610	5188	4218	4184	4337	4195	4298	4725	0
4610	5188	4216	4188	4340	4194	4297	4724	0
4614	5192	4221	4190	4346	4205	4300	4731	0
4615	5192	4216	4187	4341	4194	4293	4726	0
4611	5187	4207	4184	4330	4174	4284	4710	0
4611	5184	4206	4184	4330	4170	4280	4702	0
4617	5188	4213	4186	4342	4189	4289	4717	0
4620	5193	4216	4188	4347	4202	4294	4724	0
4617	5190	4213	4186	4341	4188	4286	4714	0
4616	5186	4211	4184	4339	4183	4282	4713	0
4615	5185	4204	4185	4336	4177	4277	4705	0
4613	5186	4200	4186	4334	4167	4272	4696	0
4617	5184	4205	4185	4337	4171	4275	4704	0
4621	5185	4208	4187	4337	4181	4281	4712	0
4623	5189	4210	4188	4340	4187	4285	4714	0
4618	5186	4203	4186	4338	4169	4275	4703	0
4614	5181	4196	4184	4331	4154	4262	4692	0
4616	5183	4200	4184	4333	4163	4266	4695	0
4616	5184	4202	4184	4336	4167	4269	4697	0
4614	5184	4201	4186	4334	4162	4267	4698	0
4617	5182	4199	4186	4332	4159	4266	4697	0
4618	5183	4201	4185	4335	4161	4267	4695	0
4619	5184	4203	4186	4337	4165	4270	4699	0
4615	5180	4194	4186	4330	4151	4261	4690	0
4613	5176	4187	4184	4326	4136	4253	4678	0
4615	5177	4189	4184	4329	4138	4254	4677	0
4613	5176	4188	4186	4327	4138	4250	4675	0
4612	5178	4187	4185	4327	4137	4248	4675	0
4616	5181	4190	4182	4330	4142	4253	4680	0
4618	5179	4192	4184	4333	4142	4255	4684	0
4612	5177	4189	4186	4331	4137	4249	4681	0
4615	5181	4193	4187	4332	4150	4255	4685	0
4622	5186	4200	4188	4336	4163	4263	4693	0
4618	5182	4191	4187	4332	4142	4251	4680	0
4611	5174	4182	4185	4325	4121	4238	4665	0
4611	5174	4180	4184	4323	4122	4236	4662	0
