4631	5148	4172	4204	4318	4100	4220	4650	0
4626	5144	4165	4202	4316	4089	4212	4646	0
4634	5149	4173	4204	4326	4109	4226	4658	0
4637	5150	4176	4204	4323	4112	4227	4655	0
4630	5148	4170	4201	4315	4097	4213	4645	0
4631	5151	4168	4202	4321	4098	4211	4648	0
4639	5154	4174	4204	4329	4112	4224	4661	0
4642	5152	4174	4206	4326	4113	4227	4660	0
4638	5153	4172	4207	4324	4113	4225	4655	0
4642	5162	4185	4205	4333	4134	4236	4672	0
4645	5164	4187	4207	4333	4134	4238	4678	0
4642	5155	4175	4206	4325	4114	4226	4663	0
4644	5158	4177	4204	4324	4119	4225	4662	0
4646	5166	4177	4205	4317	4116	4223	4662	0
4636	5163	4165	4207	4302	4091	4211	4645	0
4634	5161	4167	4205	4307	4096	4212	4647	0
4645	5160	4187	4204	4337	4134	4233	4676	0
4649	5152	4192	4204	4354	4145	4243	4686	0
4641	5146	4180	4203	4346	4127	4230	4670	0
4636	5148	4172	4203	4338	4118	4221	4663	0
4636	5147	4172	4201	4334	4111	4219	4658	0
4636	5142	4171	4200	4333	4103	4217	4649	0
4637	5141	4171	4202	4336	4107	4216	4650	0
4637	5145	4170	4202	4340	4113	4218	4656	0
4640	5148	4176	4204	4343	4122	4228	4667	0
4646	5150	4185	4206	4348	4133	4236	4672	0
4647	5153	4188	4205	4350	4140	4238	4676	0
4648	5155	4189	4204	4353	4151	4245	4686	0
4645	5151	4183	4205	4350	4138	4236	4676	0
4641	5148	4174	4205	4343	4114	4222	4659	0
4643	5152	4178	4202	4344	4120	4227	4662	0
4645	5149	4181	4203	4344	4129	4231	4667	0
4639	5145	4173	4203	4338	4113	4218	4656	0
4632	5146	4161	4199	4330	4087	4201	4638	0
4630	5144	4161	4198	4327	4083	4199	4634	0
4635	5143	4168	4201	4331	4098	4211	4646	0
4640	5145	4168	4202	4333	4101	4212	4650	0
4642	5149	4168	4203	4334	4104	4213	4649	0
4639	5149	4168	4206	4334	4107	4215	4651	0
4640	5148	4169	4203	4334	4105	4212	4650	0
4646	5153	4176	4204	4340	4120	4218	4659	0
4647	5154	4179	4210	4342	4129	4228	4666	0
4644	5153	4177	4211	4338	4123	4226	4666	0
4644	5153	4175	4208	4337	4119	4219	4665	0
4645	5153	4176	4209	4337	4124	4218	4664	0
4645	5154	4180	4209	4338	4124	4223	4664	0
4646	5156	4177	4208	4339	4120	4221	4664	0
4645	5153	4172	4208	4338	4120	4218	4663	0
4644	5150	4170	4207	4333	4114	4214	4656	0
4643	5152	4168	4205	4330	4104	4209	4648	0
4641	5152	4164	4206	4328	4099	4206	4644	0
4645	5151	4168	4208	4331	4105	4209	4650	0
4650	5156	4176	4210	4339	4122	4223	4666	0
4649	5157	4176	4212	4339	4127	4226	4670	0
4643	5151	4171	4212	4333	4117	4217	4656	0
4645	5154	4173	4211	4335	4117	4217	4657	0
4653	5163	4178	4211	4340	4127	4223	4670	0
4654	5161	4180	4214	4339	4131	4226	4672	0
4647	5152	4172	4213	4332	4118	4220	4657	0
4638	5150	4158	4207	4322	4090	4201	4635	0
4641	5153	4162	4209	4324	4094	4202	4643	0
4649	5155	4172	4214	4332	4115	4218	4660	0
4646	5153	4167	4212	4328	4108	4215	4650	0
4641	5152	4162	4208	4325	4097	4206	4642	0
4640	5151	4160	4208	4324	4092	4203	4644	0
4642	5150	4154	4210	4321	4085	4198	4636	0
4641	5149	4151	4210	4316	4077	4191	4626	0
4634	5146	4148	4205	4312	4067	4186	4620	0
4628	5143	4142	4204	4310	4061	4183	4615	0
4632	5146	4144	4209	4315	4069	4185	4617	0
4645	5154	4160	4210	4326	4099	4203	4643	0
4650	5158	4170	4210	4334	4121	4218	4663	0
4647	5157	4167	4214	4332	4118	4216	4660	0
4646	5156	4164	4212	4329	4111	4213	4655	0
4647	5154	4158	4209	4327	4099	4207	4648	0
4648	5155	4156	4212	4325	4102	4203	4645	0
4648	5161	4166	4215	4329	4119	4214	4652	0
4647	5162	4168	4213	4331	4118	4220	4656	0
4647	5156	4158	4210	4327	4105	4210	4648	0
4643	5152	4150	4208	4318	4091	4198	4634	0
4640	5152	4151	4208	4316	4088	4195	4631	0
4642	5153	4153	4209	4320	4093	4198	4637	0
4640	5150	4149	4209	4317	4085	4196	4633	0
4638	5153	4149	4207	4317	4082	4194	4631	0
4639	5154	4148	4208	4315	4084	4194	4629	0
4635	5146	4138	4209	4307	4066	4184	4616	0
4626	5137	4126	4203	4296	4037	4167	4595	0
4617	5134	4113	4198	4284	4013	4148	4573	0
4614	5132	4108	4201	4279	4003	4140	4565	0
4620	5133	4112	4203	4283	4007	4145	4570	0
4624	5134	4114	4200	4283	4016	4152	4574	0
4619	5133	4113	4201	4278	4011	4150	4571	0
4614	5132	4108	4200	4277	3997	4141	4565	0
4616	5134	4106	4199	4278	4001	4141	4568	0
4620	5135	4111	4201	4279	4011	4148	4574	0
4626	5137	4117	4202	4286	4020	4155	4580	0
4625	5138	4116	4201	4289	4022	4156	4583	0
4615	5134	4106	4200	4278	4005	4141	4571	0
4617	5134	4108	4201	4277	4006	4142	4570	0
4627	5138	4118	4203	4287	4027	4159	4584	0
4623	5136	4113	4201	4284	4020	4153	4577	0
4616	5134	4108	4199	4282	4008	4144	4570	0
4622	5138	4112	4202	4286	4018	4152	4580	0
4625	5139	4114	4203	4287	4026	4155	4583	0
4627	5140	4117	4203	4287	4030	4155	4586	0
4624	5137	4110	4201	4281	4017	4150	4578	0
4615	5133	4097	4197	4273	3996	4137	4564	0
4617	5132	4097	4198	4274	3998	4135	4561	0
4618	5130	4100	4197	4274	3998	4136	4562	0
4612	5128	4095	4193	4268	3986	4130	4553	0
4613	5133	4096	4195	4271	3992	4131	4556	0
4626	5142	4114	4203	4288	4031	4156	4587	0
4632	5146	4125	4204	4297	4049	4168	4604	0
4628	5142	4119	4200	4290	4035	4158	4593	0
4627	5141	4116	4200	4289	4034	4158	4588	0
4628	5141	4118	4202	4290	4036	4158	4590	0
4626	5141	4114	4202	4288	4029	4153	4586	0
4621	5137	4106	4198	4282	4017	4146	4577	0
4617	5133	4103	4196	4278	4008	4142	4571	0
4623	5136	4105	4197	4281	4015	4146	4572	0
4621	5136	4098	4196	4280	4009	4139	4566	0
4616	5133	4098	4196	4274	3997	4134	4561	0
4627	5142	4116	4201	4286	4027	4152	4583	0
4635	5148	4126	4202	4298	4056	4167	4603	0
4630	5141	4115	4198	4290	4039	4156	4593	0
4626	5137	4106	4197	4281	4016	4146	4578	0
4629	5145	4114	4200	4288	4030	4155	4589	0
4630	5147	4121	4204	4296	4045	4162	4598	0
4629	5141	4110	4202	4289	4031	4153	4585	0
4627	5139	4105	4195	4281	4020	4149	4580	0
4625	5141	4110	4196	4283	4022	4152	4585	0
4621	5137	4106	4197	4282	4014	4143	4577	0
4617	5135	4097	4193	4275	4007	4136	4566	0
4623	5140	4102	4194	4276	4016	4145	4575	0
4629	5146	4113	4200	4287	4034	4156	4592	0
4628	5147	4115	4200	4291	4041	4158	4597	0
4622	5139	4107	4196	4280	4018	4144	4579	0
4620	5136	4100	4197	4274	4002	4136	4566	0
4625	5142	4104	4198	4280	4016	4143	4577	0
4628	5144	4112	4198	4285	4034	4153	4591	0
4628	5143	4114	4199	4288	4034	4156	4591	0
4628	5144	4109	4197	4286	4027	4151	4584	0
4624	5142	4106	4195	4281	4024	4148	4585	0
4620	5138	4103	4196	4277	4014	4145	4578	0
4619	5139	4100	4197	4274	4005	4138	4567	0
4616	5137	4093	4198	4270	3996	4129	4557	0
4611	5132	4087	4198	4265	3986	4121	4550	0
4615	5134	4092	4196	4271	3998	4129	4561	0
4620	5135	4097	4197	4274	4007	4135	4567	0
4613	5133	4092	4197	4267	3990	4125	4555	0
4609	5131	4086	4193	4262	3977	4116	4548	0
4613	5132	4087	4191	4265	3984	4120	4551	0
4615	5132	4091	4195	4268	3991	4126	4555	0
4612	5132	4088	4195	4263	3982	4120	4550	0
4612	5131	4087	4193	4261	3981	4120	4550	0
4617	5134	4095	4195	4267	3996	4129	4561	0
4621	5138	4098	4196	4273	4007	4133	4569	0
4621	5140	4101	4200	4277	4018	4138	4577	0
4623	5141	4104	4201	4277	4021	4143	4580	0
4626	5142	4103	4197	4274	4015	4140	4574	0
4625	5138	4101	4195	4272	4012	4135	4571	0
4617	5133	4091	4195	4266	3993	4125	4557	0
4615	5132	4088	4191	4263	3987	4119	4551	0
4623	5138	4098	4193	4269	4008	4130	4567	0
4625	5139	4102	4196	4271	4015	4138	4573	0
4624	5138	4098	4194	4273	4013	4139	4575	0
4625	5141	4103	4192	4278	4021	4141	4581	0
4626	5141	4104	4191	4273	4016	4139	4577	0
4622	5140	4097	4189	4266	4005	4134	4568	0
4617	5138	4095	4189	4270	4003	4132	4567	0
4616	5136	4093	4187	4270	3995	4126	4565	0
4615	5134	4087	4184	4262	3985	4117	4554	0
4620	5138	4094	4186	4265	4000	4128	4563	0
4623	5142	4102	4187	4275	4017	4142	4578	0
4618	5137	4093	4183	4271	3999	4128	4567	0
4617	5136	4092	4183	4266	3994	4121	4560	0
4624	5142	4102	4185	4271	4013	4137	4573	0
4628	5145	4108	4186	4280	4028	4148	4585	0
4629	5146	4111	4187	4283	4033	4149	4591	0
4625	5142	4104	4186	4274	4017	4138	4581	0
4623	5137	4096	4184	4271	4004	4131	4570	0
4627	5141	4103	4185	4277	4017	4140	4579	0
4627	5143	4104	4184	4275	4023	4141	4583	0
4624	5141	4100	4183	4274	4018	4137	4578	0
4626	5143	4102	4186	4278	4019	4137	4580	0
4627	5144	4104	4185	4277	4019	4136	4581	0
4626	5142	4101	4182	4273	4015	4137	4577	0
4622	5141	4096	4182	4270	4008	4133	4570	0
4622	5142	4097	4183	4270	4009	4130	4572	0
4625	5143	4102	4183	4275	4019	4137	4578	0
4628	5146	4110	4184	4281	4032	4149	4592	0
4634	5148	4116	4186	4287	4041	4153	4601	0
4630	5144	4108	4185	4281	4026	4142	4587	0
4618	5140	4096	4182	4269	4001	4126	4567	0
4617	5136	4093	4181	4266	3994	4124	4564	0
4623	5137	4096	4184	4270	4003	4131	4570	0
4618	5138	4091	4184	4267	3996	4125	4562	0
4613	5132	4085	4182	4263	3985	4116	4552	0
4618	5133	4093	4184	4268	4002	4126	4565	0
4622	5138	4100	4186	4273	4013	4136	4577	0
4624	5140	4103	4185	4276	4016	4137	4581	0
4630	5143	4111	4187	4281	4033	4146	4591	0
4623	5141	4101	4188	4276	4016	4135	4575	0
4609	5130	4080	4184	4263	3975	4109	4547	0
4612	5128	4085	4182	4264	3983	4113	4557	0
4623	5135	4102	4186	4274	4017	4134	4578	0
4622	5138	4101	4187	4275	4018	4135	4574	0
4614	5136	4090	4185	4268	3995	4120	4559	0
4615	5134	4091	4185	4268	3995	4121	4565	0
4621	5137	4101	4186	4275	4016	4136	4581	0
4620	5137	4100	4187	4274	4019	4137	4578	0
4617	5134	4094	4186	4270	4004	4126	4568	0
4615	5131	4090	4186	4266	3991	4121	4562	0
4612	5131	4092	4188	4267	3996	4126	4564	0
4615	5131	4096	4188	4270	4007	4129	4569	0
4614	5130	4090	4186	4263	3994	4122	4560	0
4611	5132	4089	4187	4263	3990	4121	4558	0
4620	5138	4102	4193	4276	4018	4135	4583	0
4627	5139	4109	4193	4281	4034	4144	4594	0
4621	5133	4100	4190	4272	4017	4136	4576	0
4621	5135	4100	4193	4273	4013	4135	4575	0
4628	5144	4111	4196	4284	4036	4148	4597	0
4630	5144	4113	4195	4284	4044	4154	4600	0
4629	5142	4112	4197	4283	4042	4152	4596	0
4635	5146	4121	4201	4289	4057	4161	4612	0
4634	5146	4118	4199	4289	4056	4160	4610	0
4628	5142	4111	4200	4283	4040	4149	4596	0
4628	5144	4114	4201	4285	4047	4151	4601	0
4634	5148	4121	4201	4289	4066	4164	4615	0
4639	5149	4126	4204	4292	4070	4170	4619	0
4632	5146	4117	4201	4286	4049	4155	4605	0
4625	5141	4105	4194	4274	4027	4141	4588	0
4626	5137	4102	4195	4270	4021	4139	4581	0
4623	5136	4102	4197	4270	4016	4134	4574	0
4617	5137	4096	4193	4267	4005	4126	4569	0
4615	5133	4089	4192	4263	3993	4122	4563	0
4622	5136	4098	4193	4269	4016	4134	4575	0
4625	5143	4108	4196	4274	4036	4147	4589	0
4620	5136	4095	4196	4265	4011	4132	4572	0
4617	5132	4091	4192	4264	3998	4123	4563	0
4623	5139	4102	4191	4269	4014	4129	4576	0
4624	5140	4103	4192	4268	4022	4135	4581	0
4624	5137	4102	4191	4270	4025	4141	4580	0
4624	5137	4097	4189	4267	4014	4132	4574	0
4619	5135	4092	4188	4258	3998	4120	4565	0
4622	5137	4099	4190	4263	4010	4131	4573	0
4625	5141	4107	4192	4272	4028	4146	4589	0
4622	5137	4101	4191	4268	4017	4135	4581	0
4618	5132	4089	4187	4255	3991	4116	4558	0
4619	5133	4090	4187	4258	3990	4118	4560	0
4621	5136	4097	4187	4267	4006	4129	4573	0
4617	5134	4093	4184	4261	3998	4124	4565	0
4613	5132	4088	4182	4253	3987	4116	4554	0
4615	5133	4089	4181	4255	3987	4115	4555	0
4617	5134	4091	4183	4260	3996	4120	4563	0
4622	5138	4096	4186	4266	4013	4129	4572	0
4624	5138	4097	4185	4265	4014	4131	4572	0
4623	5136	4096	4183	4262	4005	4129	4571	0
4623	5135	4095	4183	4262	4002	4126	4572	0
4622	5135	4093	4181	4262	4005	4125	4569	0
4623	5138	4096	4182	4264	4012	4131	4572	0
4624	5140	4098	4182	4266	4009	4128	4571	0
4623	5136	4094	4178	4262	4002	4121	4567	0
4618	5134	4089	4178	4258	3994	4117	4561	0
4619	5135	4089	4180	4258	3994	4118	4560	0
4625	5138	4097	4181	4264	4008	4127	4572	0
4624	5138	4097	4182	4265	4006	4127	4571	0
4621	5137	4093	4181	4261	3997	4121	4565	0
4622	5137	4093	4180	4262	4000	4120	4564	0
4620	5137	4092	4180	4263	4005	4121	4564	0
4621	5141	4095	4178	4262	4008	4123	4569	0
4625	5144	4097	4180	4264	4009	4125	4574	0
4627	5144	4102	4184	4270	4022	4134	4581	0
4629	5145	4107	4182	4274	4034	4142	4589	0
4627	5145	4104	4180	4270	4024	4137	4586	0
4625	5145	4100	4182	4269	4019	4136	4583	0
4626	5143	4096	4181	4269	4013	4131	4575	0
4624	5140	4096	4176	4267	4008	4124	4573	0
4624	5141	4103	4177	4270	4015	4130	4580	0
4623	5141	4098	4179	4268	4009	4129	4575	0
4622	5139	4094	4178	4263	4004	4124	4572	0
4623	5141	4096	4180	4264	4009	4126	4575	0
4623	5142	4097	4180	4268	4013	4132	4576	0
4627	5143	4103	4181	4273	4024	4140	4585	0
4631	5145	4108	4183	4276	4034	4144	4594	0
4626	5144	4102	4182	4273	4024	4137	4587	0
4622	5139	4096	4179	4268	4008	4127	4571	0
4624	5140	4100	4179	4269	4013	4126	4574	0
4626	5145	4102	4181	4272	4020	4132	4584	0
4625	5144	4100	4182	4272	4020	4136	4586	0
4631	5146	4108	4184	4278	4037	4147	4596	0
4633	5150	4110	4185	4283	4047	4149	4602	0
4627	5147	4104	4183	4278	4034	4141	4592	0
4629	5147	4110	4185	4279	4041	4147	4597	0
4636	5154	4119	4188	4287	4061	4157	4613	0
4635	5156	4118	4190	4287	4061	4155	4612	0
4634	5151	4115	4188	4283	4049	4150	4603	0
4631	5147	4109	4185	4278	4034	4141	4592	0
4624	5146	4103	4185	4271	4023	4132	4585	0
4624	5145	4101	4186	4268	4019	4131	4582	0
4629	5144	4102	4185	4270	4023	4134	4585	0
4625	5146	4103	4185	4272	4028	4136	4590	0
4622	5146	4102	4185	4267	4023	4130	4584	0
4626	5144	4102	4186	4268	4022	4131	4582	0
4628	5146	4103	4188	4272	4029	4140	4589	0
4629	5149	4109	4189	4274	4038	4143	4595	0
4629	5148	4112	4189	4271	4040	4140	4594	0
4625	5147	4105	4189	4268	4031	4136	4589	0
4633	5151	4111	4191	4278	4047	4148	4604	0
4640	5155	4121	4194	4285	4061	4156	4615	0
4630	5153	4115	4191	4276	4042	4146	4601	0
4625	5150	4111	4189	4271	4037	4141	4596	0
4632	5149	4113	4192	4273	4042	4144	4602	0
4633	5149	4112	4192	4276	4038	4145	4601	0
4632	5153	4115	4192	4281	4049	4150	4606	0
4637	5158	4125	4194	4285	4069	4160	4621	0
4642	5159	4129	4197	4288	4077	4166	4627	0
4636	5153	4120	4196	4285	4057	4157	4610	0
4629	5149	4111	4192	4276	4041	4147	4596	0
4629	5151	4113	4192	4273	4045	4146	4603	0
4630	5149	4111	4194	4270	4041	4143	4599	0
4626	5146	4107	4193	4269	4030	4137	4590	0
4626	5147	4106	4189	4273	4031	4137	4593	0
4627	5147	4106	4189	4273	4037	4141	4596	0
4628	5147	4107	4193	4271	4039	4143	4594	0
4631	5150	4109	4195	4275	4040	4144	4596	0
4630	5151	4108	4192	4275	4036	4144	4598	0
4626	5147	4106	4190	4267	4028	4138	4590	0
4630	5149	4113	4194	4274	4045	4142	4597	0
4635	5156	4121	4196	4284	4063	4155	4612	0
4633	5154	4111	4193	4275	4045	4150	4603	0
4632	5151	4107	4193	4271	4040	4143	4599	0
4633	5151	4110	4194	4273	4047	4143	4603	0
4626	5145	4100	4190	4262	4020	4130	4583	0
4622	5141	4094	4188	4256	4006	4122	4573	0
4625	5146	4100	4194	4265	4020	4129	4585	0
4624	5147	4100	4194	4263	4020	4131	4583	0
4624	5145	4098	4189	4259	4016	4129	4579	0
4628	5147	4104	4190	4268	4032	4136	4591	0
4631	5151	4108	4193	4274	4043	4143	4599	0
4632	5153	4108	4193	4271	4042	4143	4600	0
4633	5153	4114	4196	4274	4049	4148	4606	0
4633	5153	4118	4198	4277	4055	4152	4610	0
4633	5155	4116	4197	4273	4052	4150	4608	0
4634	5156	4113	4197	4273	4053	4148	4607	0
4634	5153	4109	4198	4275	4049	4144	4602	0
4631	5150	4107	4195	4271	4041	4142	4596	0
4632	5154	4111	4195	4271	4046	4147	4602	0
4633	5157	4111	4196	4272	4044	4146	4604	0
4633	5154	4109	4194	4272	4039	4143	4602	0
4632	5153	4109	4194	4269	4041	4143	4601	0
4632	5154	4109	4195	4270	4044	4144	4600	0
4633	5154	4110	4193	4270	4041	4144	4597	0
4630	5151	4104	4191	4262	4026	4136	4587	0
4631	5152	4104	4196	4266	4036	4142	4596	0
4639	5160	4118	4198	4281	4068	4158	4620	0
4640	5162	4124	4194	4280	4067	4157	4618	0
4634	5154	4114	4194	4271	4049	4146	4605	0
4636	5152	4108	4197	4269	4046	4145	4603	0
4636	5157	4112	4197	4271	4047	4147	4605	0
4631	5155	4110	4194	4268	4040	4140	4600	0
4631	5151	4108	4194	4263	4038	4140	4597	0
4636	5155	4111	4195	4270	4050	4150	4606	0
4643	5163	4121	4194	4283	4070	4161	4623	0
4647	5168	4132	4196	4289	4093	4174	4639	0
4645	5164	4128	4197	4283	4085	4171	4632	0
4635	5154	4107	4193	4270	4045	4147	4603	0
4629	5152	4101	4188	4262	4028	4135	4590	0
4628	5153	4102	4188	4261	4028	4135	4587	0
4626	5152	4099	4189	4259	4021	4128	4580	0
4629	5154	4106	4191	4263	4032	4135	4592	0
4637	5163	4120	4195	4275	4063	4155	4616	0
4643	5167	4124	4195	4282	4078	4165	4625	0
4643	5166	4121	4192	4281	4068	4161	4619	0
4636	5160	4115	4189	4275	4053	4151	4607	0
4633	5156	4109	4188	4268	4043	4142	4597	0
4633	5156	4105	4188	4265	4035	4137	4592	0
4632	5156	4106	4188	4266	4036	4139	4593	0
4631	5160	4111	4186	4269	4042	4142	4600	0
4634	5162	4114	4187	4271	4046	4147	4604	0
4637	5157	4114	4190	4269	4047	4151	4603	0
4634	5154	4107	4187	4263	4035	4140	4593	0
4631	5156	4106	4186	4265	4035	4136	4594	0
4632	5157	4112	4188	4270	4047	4146	4599	0
4634	5155	4109	4185	4267	4042	4142	4593	0
4636	5157	4110	4183	4268	4043	4142	4600	0
4642	5163	4120	4188	4278	4062	4154	4615	0
4646	5167	4125	4192	4284	4077	4163	4623	0
4641	5166	4124	4187	4281	4074	4160	4620	0
4636	5163	4121	4183	4274	4060	4153	4612	0
4643	5165	4126	4188	4277	4066	4159	4618	0
4647	5168	4128	4190	4284	4077	4165	4625	0
4638	5163	4120	4187	4280	4064	4156	4615	0
4636	5160	4118	4185	4275	4055	4150	4609	0
4637	5161	4117	4184	4274	4054	4149	4606	0
4631	5157	4111	4181	4270	4041	4142	4595	0
4628	5155	4110	4181	4268	4037	4141	4594	0
4638	5165	4124	4186	4280	4065	4157	4612	0
4646	5170	4134	4189	4290	4089	4172	4629	0
4643	5165	4129	4187	4286	4080	4167	4628	0
4641	5166	4127	4185	4283	4071	4163	4625	0
4640	5166	4124	4185	4279	4062	4156	4613	0
4631	5155	4111	4181	4268	4036	4140	4590	0
4627	5152	4110	4180	4268	4031	4136	4589	0
4631	5158	4115	4182	4276	4043	4144	4598	0
4633	5158	4113	4182	4274	4046	4149	4600	0
4632	5155	4115	4183	4271	4047	4149	4603	0
4632	5156	4118	4184	4272	4046	4145	4603	0
4631	5155	4115	4183	4272	4043	4145	4598	0
4629	5154	4108	4181	4270	4035	4141	4592	0
4625	5153	4104	4180	4268	4024	4131	4584	0
4622	5150	4101	4181	4263	4015	4127	4575	0
4622	5148	4100	4180	4260	4016	4128	4576	0
4626	5151	4111	4180	4270	4036	4140	4594	0
4629	5154	4120	4184	4278	4045	4146	4605	0
4625	5151	4113	4183	4271	4033	4138	4594	0
4625	5151	4106	4181	4267	4033	4136	4589	0
4633	5157	4113	4184	4278	4048	4143	4600	0
4636	5160	4126	4187	4286	4061	4152	4614	0
4631	5155	4120	4186	4280	4054	4151	4609	0
4626	5150	4107	4184	4273	4040	4140	4593	0
4625	5150	4109	4183	4272	4036	4134	4590	0
4626	5152	4113	4183	4271	4037	4141	4594	0
4630	5153	4114	4186	4275	4048	4150	4603	0
4633	5157	4120	4190	4286	4064	4154	4614	0
4633	5159	4127	4190	4289	4071	4160	4618	0
4635	5158	4130	4189	4288	4075	4166	4623	0
4638	5160	4131	4194	4291	4081	4167	4629	0
4641	5164	4135	4199	4297	4092	4172	4637	0
4645	5166	4141	4199	4303	4105	4182	4647	0
4643	5165	4142	4196	4302	4103	4180	4646	0
4641	5167	4141	4196	4299	4098	4175	4640	0
4643	5167	4139	4198	4299	4097	4176	4641	0
4643	5163	4140	4198	4301	4095	4178	4644	0
4641	5162	4142	4198	4298	4093	4175	4638	0
4638	5162	4138	4200	4293	4087	4169	4630	0
4640	5164	4138	4203	4297	4094	4173	4638	0
4641	5163	4139	4202	4301	4095	4175	4639	0
4635	5155	4132	4200	4293	4079	4168	4625	0
4635	5155	4131	4202	4289	4081	4170	4629	0
4637	5160	4133	4201	4293	4087	4170	4634	0
4634	5158	4132	4200	4292	4079	4165	4628	0
4636	5160	4136	4203	4295	4087	4172	4632	0
4644	5165	4144	4205	4305	4107	4186	4648	0
4643	5165	4144	4204	4307	4110	4187	4650	0
4636	5162	4136	4202	4295	4090	4172	4633	0
4634	5160	4133	4202	4292	4081	4167	4626	0
4630	5156	4131	4202	4293	4077	4166	4622	0
4626	5152	4124	4203	4285	4065	4157	4612	0
4629	5154	4125	4203	4284	4065	4156	4617	0
4630	5155	4129	4202	4287	4069	4158	4621	0
4628	5151	4126	4200	4284	4065	4155	4610	0
4630	5152	4128	4201	4285	4071	4162	4616	0
4633	5156	4135	4204	4292	4084	4170	4632	0
4635	5160	4136	4204	4293	4086	4172	4633	0
4642	5163	4140	4206	4297	4096	4179	4638	0
4649	5166	4154	4208	4311	4125	4196	4661	0
4648	5167	4160	4207	4312	4132	4201	4671	0
4639	5163	4148	4203	4301	4107	4184	4650	0
4642	5166	4149	4205	4303	4109	4183	4646	0
4651	5172	4160	4212	4314	4138	4202	4670	0
4648	5167	4153	4209	4308	4126	4196	4666	0
4641	5162	4145	4203	4300	4102	4182	4644	0
4644	5166	4150	4207	4305	4112	4188	4649	0
4648	5170	4154	4211	4310	4127	4196	4664	0
4646	5167	4152	4207	4305	4117	4190	4656	0
4644	5164	4150	4205	4304	4109	4186	4648	0
4641	5163	4149	4204	4304	4102	4182	4646	0
4638	5161	4142	4201	4295	4085	4168	4635	0
4641	5164	4141	4202	4296	4093	4175	4637	0
4643	5168	4145	4204	4305	4107	4190	4648	0
4641	5162	4141	4202	4301	4092	4180	4638	0
4642	5160	4139	4203	4297	4090	4174	4635	0
4643	5165	4141	4204	4297	4098	4181	4640	0
4640	5164	4143	4203	4299	4097	4183	4639	0
4643	5162	4148	4203	4304	4107	4186	4648	0
4647	5165	4151	4204	4306	4117	4186	4655	0
4644	5168	4154	4205	4309	4120	4190	4657	0
4646	5170	4155	4205	4313	4125	4199	4664	0
4651	5172	4160	4205	4316	4135	4205	4672	0
4652	5174	4166	4206	4320	4144	4207	4677	0
4647	5171	4160	4205	4315	4130	4197	4664	0
4643	5164	4146	4202	4304	4107	4183	4647	0
4644	5164	4146	4203	4305	4107	4184	4648	0
4643	5165	4148	4205	4308	4110	4190	4650	0
4638	5163	4143	4203	4300	4099	4182	4641	0
4638	5165	4145	4202	4300	4101	4177	4641	0
4648	5171	4160	4203	4314	4128	4196	4665	0
4653	5172	4165	4206	4319	4142	4208	4677	0
4646	5169	4156	4206	4310	4122	4196	4661	0
4643	5169	4149	4204	4307	4108	4187	4648	0
4646	5168	4148	4206	4308	4114	4190	4652	0
4647	5169	4150	4207	4305	4116	4191	4655	0
4645	5169	4148	4203	4302	4108	4185	4647	0
4641	5167	4144	4198	4302	4104	4180	4644	0
4643	5169	4150	4202	4306	4116	4191	4654	0
4645	5169	4153	4207	4305	4115	4193	4653	0
4641	5164	4144	4203	4299	4101	4180	4640	0
4640	5163	4141	4200	4298	4098	4175	4639	0
4642	5171	4150	4205	4305	4112	4188	4650	0
4644	5173	4151	4210	4310	4122	4196	4657	0
4643	5163	4138	4205	4298	4098	4177	4641	0
4638	5162	4136	4203	4290	4083	4168	4629	0
4636	5169	4142	4205	4298	4095	4180	4636	0
4637	5167	4136	4203	4297	4094	4178	4634	0
4642	5167	4140	4205	4297	4100	4181	4643	0
4646	5174	4154	4211	4305	4118	4194	4660	0
4644	5173	4152	4209	4306	4117	4191	4656	0
4647	5173	4154	4209	4306	4124	4192	4660	0
4650	5179	4160	4213	4310	4132	4202	4669	0
4644	5172	4148	4209	4305	4111	4192	4653	0
4642	5165	4139	4204	4299	4096	4178	4637	0
4644	5169	4143	4208	4297	4103	4181	4643	0
4641	5171	4143	4210	4295	4101	4183	4645	0
4639	5169	4140	4206	4296	4096	4180	4641	0
4646	5173	4150	4212	4305	4117	4190	4655	0
4647	5173	4155	4216	4308	4125	4194	4661	0
4643	5168	4144	4208	4301	4103	4180	4642	0
4641	5168	4142	4204	4294	4092	4175	4637	0
4636	5168	4137	4208	4290	4081	4169	4632	0
4633	5163	4129	4208	4288	4070	4162	4621	0
4638	5166	4136	4206	4292	4087	4171	4632	0
4643	5172	4146	4208	4292	4101	4179	4643	0
4643	5174	4145	4210	4295	4103	4182	4646	0
4645	5174	4147	4211	4302	4112	4188	4653	0
4646	5175	4152	4210	4303	4115	4191	4654	0
4645	5174	4149	4209	4300	4106	4187	4648	0
4644	5172	4142	4209	4294	4097	4180	4642	0
4642	5174	4143	4206	4294	4099	4180	4643	0
4643	5177	4148	4208	4300	4109	4186	4649	0
4644	5174	4145	4211	4298	4108	4186	4649	0
4646	5174	4144	4209	4296	4105	4185	4647	0
4650	5178	4149	4208	4303	4113	4189	4653	0
4651	5178	4151	4212	4309	4124	4195	4662	0
4647	5175	4148	4213	4305	4118	4192	4658	0
4645	5172	4145	4206	4298	4105	4184	4646	0
4646	5171	4146	4204	4301	4106	4186	4646	0
4643	5173	4143	4208	4302	4102	4184	4645	0
4642	5174	4144	4209	4300	4101	4183	4649	0
4646	5172	4151	4210	4304	4118	4192	4658	0
4645	5170	4146	4210	4303	4115	4188	4649	0
4639	5169	4134	4208	4290	4089	4171	4632	0
4637	5167	4130	4205	4284	4073	4162	4625	0
4636	5168	4133	4204	4290	4080	4169	4627	0
4639	5170	4137	4203	4291	4087	4172	4631	0
4640	5167	4133	4203	4284	4077	4165	4626	0
4638	5167	4130	4206	4285	4075	4166	4625	0
4637	5168	4132	4205	4291	4085	4171	4629	0
4637	5166	4136	4203	4291	4084	4168	4627	0
4638	5167	4136	4204	4289	4081	4167	4628	0
4637	5169	4132	4205	4289	4080	4167	4629	0
4636	5167	4132	4203	4293	4081	4170	4629	0
4640	5171	4138	4206	4297	4090	4176	4636	0
4645	5177	4147	4213	4300	4108	4186	4649	0
4645	5177	4147	4214	4302	4113	4189	4651	0
4641	5174	4142	4210	4298	4098	4182	4643	0
4647	5177	4149	4211	4298	4108	4186	4651	0
4656	5186	4162	4213	4311	4143	4204	4673	0
4661	5191	4171	4216	4323	4165	4218	4691	0
4661	5189	4171	4220	4323	4161	4218	4693	0
4653	5180	4153	4216	4308	4124	4196	4666	0
4644	5175	4140	4210	4295	4095	4177	4638	0
4646	5177	4146	4211	4300	4107	4186	4646	0
4648	5175	4150	4213	4303	4115	4190	4654	0
4647	5173	4145	4212	4299	4108	4183	4649	0
4649	5177	4146	4212	4303	4113	4187	4650	0
4651	5180	4154	4214	4310	4128	4197	4661	0
4650	5182	4160	4215	4310	4131	4199	4668	0
4648	5181	4152	4213	4304	4118	4192	4660	0
4647	5179	4149	4213	4303	4116	4190	4655	0
4653	5183	4158	4216	4310	4135	4202	4669	0
4656	5186	4162	4215	4313	4145	4208	4678	0
4649	5183	4153	4213	4305	4126	4198	4663	0
4644	5175	4145	4213	4298	4102	4183	4644	0
4646	5173	4146	4215	4300	4104	4184	4645	0
4650	5178	4152	4216	4305	4120	4194	4656	0
4652	5181	4158	4216	4308	4130	4198	4666	0
4651	5180	4154	4216	4307	4127	4197	4664	0
4648	5177	4146	4214	4302	4113	4190	4650	0
4650	5179	4152	4215	4304	4121	4195	4656	0
4650	5181	4156	4218	4309	4131	4201	4667	0
4645	5178	4149	4216	4303	4112	4187	4652	0
4648	5178	4151	4214	4303	4112	4187	4650	0
4656	5182	4158	4218	4312	4138	4202	4671	0
4655	5184	4161	4221	4313	4144	4205	4677	0
4651	5181	4161	4218	4308	4127	4197	4666	0
4648	5179	4153	4216	4302	4114	4189	4655	0
4648	5178	4148	4217	4303	4114	4186	4652	0
4647	5175	4146	4218	4304	4107	4187	4648	0
4645	5174	4145	4217	4299	4103	4186	4647	0
4647	5180	4150	4218	4302	4115	4188	4657	0
4647	5178	4152	4218	4305	4117	4189	4654	0
4645	5173	4148	4217	4304	4108	4187	4647	0
4647	5177	4148	4217	4304	4110	4186	4652	0
4646	5178	4148	4216	4301	4109	4184	4650	0
4642	5171	4142	4215	4293	4096	4180	4637	0
4637	5167	4134	4214	4285	4075	4167	4625	0
4634	5168	4129	4211	4282	4063	4157	4616	0
4634	5169	4132	4211	4284	4072	4162	4618	0
4639	5170	4138	4214	4291	4088	4172	4631	0
4643	5173	4143	4218	4297	4096	4180	4644	0
4643	5173	4140	4220	4294	4093	4177	4642	0
4643	5175	4145	4218	4293	4101	4180	4644	0
4650	5178	4156	4219	4302	4119	4194	4659	0
4654	5180	4153	4220	4305	4122	4198	4662	0
4652	5179	4147	4220	4302	4115	4190	4653	0
4653	5181	4154	4220	4305	4120	4192	4658	0
4655	5183	4160	4221	4311	4132	4203	4669	0
