4475	3803	4569	4366	4382	4166	3896	4709	0
4471	3803	4568	4366	4381	4167	3895	4707	0
4467	3802	4567	4368	4382	4166	3898	4709	0
4472	3802	4569	4370	4380	4166	3901	4707	0
4477	3804	4573	4372	4381	4169	3908	4704	0
4476	3804	4574	4374	4382	4170	3913	4707	0
4474	3803	4570	4371	4381	4170	3905	4711	0
4472	3803	4569	4368	4382	4168	3899	4711	0
4472	3802	4569	4371	4383	4168	3902	4707	0
4473	3801	4570	4373	4381	4169	3901	4708	0
4475	3802	4571	4368	4381	4169	3901	4711	0
4471	3803	4571	4364	4382	4168	3905	4711	0
4468	3801	4568	4365	4383	4167	3899	4708	0
4468	3801	4568	4366	4381	4167	3893	4709	0
4465	3802	4568	4367	4375	4167	3897	4713	0
4466	3801	4568	4366	4376	4168	3898	4713	0
4469	3800	4568	4364	4381	4169	3895	4707	0
4467	3803	4568	4367	4377	4166	3897	4705	0
4466	3802	4569	4367	4375	4163	3894	4711	0
4475	3802	4569	4365	4382	4166	3900	4715	0
4481	3807	4575	4369	4385	4170	3913	4712	0
4472	3805	4573	4371	4381	4169	3911	4709	0
4461	3800	4562	4364	4372	4166	3895	4712	0
4457	3800	4560	4363	4364	4167	3890	4712	0
4460	3802	4560	4366	4362	4169	3895	4707	0
4460	3800	4558	4361	4365	4168	3894	4706	0
4459	3801	4561	4357	4365	4166	3892	4711	0
4458	3803	4558	4357	4358	4166	3889	4710	0
4455	3801	4552	4356	4356	4167	3888	4707	0
4458	3800	4559	4360	4363	4167	3894	4713	0
4463	3802	4569	4364	4366	4166	3898	4715	0
4462	3804	4566	4362	4364	4167	3894	4710	0
4462	3802	4567	4367	4366	4167	3898	4707	0
4464	3803	4569	4368	4369	4167	3902	4710	0
4458	3804	4568	4358	4369	4167	3894	4710	0
4461	3801	4569	4358	4369	4167	3897	4707	0
4469	3803	4570	4368	4373	4167	3911	4708	0
4467	3809	4570	4368	4375	4168	3911	4710	0
4465	3809	4568	4363	4371	4168	3900	4709	0
4469	3806	4568	4365	4369	4168	3893	4708	0
4468	3804	4570	4367	4368	4168	3899	4706	0
4466	3808	4572	4365	4367	4166	3908	4707	0
4473	3809	4575	4365	4369	4165	3912	4711	0
4475	3802	4582	4366	4373	4167	3909	4714	0
4469	3800	4583	4367	4371	4169	3907	4710	0
4471	3812	4580	4366	4368	4170	3908	4711	0
4477	3817	4584	4366	4373	4168	3912	4713	0
4473	3807	4580	4369	4374	4167	3913	4709	0
4465	3800	4569	4368	4369	4169	3910	4707	0
4468	3802	4568	4365	4368	4169	3912	4709	0
4469	3803	4571	4363	4371	4166	3909	4706	0
4459	3801	4566	4361	4366	4166	3902	4703	0
4458	3801	4566	4362	4365	4168	3904	4705	0
4464	3804	4568	4367	4369	4169	3904	4707	0
4461	3802	4566	4366	4366	4169	3897	4706	0
4459	3800	4567	4363	4364	4169	3902	4706	0
4466	3802	4570	4366	4371	4170	3912	4704	0
4464	3803	4569	4366	4374	4169	3909	4701	0
4460	3803	4569	4365	4371	4168	3907	4704	0
4461	3801	4569	4365	4365	4168	3910	4709	0
4455	3800	4563	4357	4362	4164	3903	4705	0
4447	3800	4560	4355	4361	4156	3897	4706	0
4453	3801	4567	4364	4364	4156	3905	4712	0
4464	3802	4574	4364	4366	4166	3912	4707	0
4461	3801	4570	4356	4366	4169	3911	4703	0
4458	3801	4568	4356	4365	4167	3907	4713	0
4460	3801	4571	4359	4363	4167	3901	4718	0
4455	3803	4568	4357	4364	4168	3897	4709	0
4452	3802	4559	4356	4366	4166	3902	4708	0
4454	3800	4560	4358	4365	4165	3901	4713	0
4455	3801	4567	4362	4364	4166	3896	4711	0
4457	3802	4570	4363	4366	4166	3902	4710	0
4464	3801	4572	4365	4368	4167	3912	4709	0
4464	3801	4575	4369	4367	4168	3913	4710	0
4460	3804	4577	4368	4366	4169	3911	4713	0
4460	3803	4574	4365	4364	4168	3910	4708	0
4461	3801	4572	4365	4366	4167	3912	4702	0
4464	3803	4576	4365	4376	4167	3913	4708	0
4462	3802	4574	4365	4375	4167	3907	4715	0
4460	3800	4568	4363	4374	4168	3909	4712	0
4474	3808	4582	4366	4393	4171	3934	4708	0
4480	3811	4592	4370	4397	4169	3935	4707	0
4461	3802	4573	4365	4378	4166	3910	4709	0
4461	3799	4566	4364	4378	4169	3915	4714	0
4480	3803	4583	4368	4392	4171	3934	4714	0
4473	3801	4583	4367	4384	4168	3925	4708	0
4464	3799	4576	4367	4380	4167	3922	4709	0
4476	3801	4584	4374	4388	4169	3931	4712	0
4476	3801	4581	4369	4387	4168	3918	4711	0
4461	3802	4567	4363	4381	4167	3907	4709	0
4454	3801	4567	4364	4379	4168	3910	4711	0
4455	3801	4569	4362	4377	4168	3910	4717	0
4463	3801	4571	4364	4377	4167	3915	4717	0
4474	3800	4581	4370	4383	4168	3930	4714	0
4479	3801	4589	4375	4394	4177	3938	4716	0
4480	3803	4591	4379	4398	4184	3940	4717	0
4478	3804	4588	4378	4390	4175	3935	4710	0
4474	3801	4582	4372	4385	4168	3927	4704	0
4474	3799	4583	4370	4391	4172	3925	4712	0
4478	3800	4587	4367	4393	4172	3931	4720	0
4475	3800	4585	4363	4392	4170	3934	4716	0
4473	3802	4585	4366	4396	4172	3928	4715	0
4483	3804	4588	4372	4400	4173	3929	4717	0
4482	3803	4586	4371	4397	4171	3937	4716	0
4472	3800	4583	4366	4392	4171	3933	4715	0
4481	3801	4585	4367	4394	4177	3931	4716	0
4493	3803	4587	4374	4402	4181	3943	4715	0
4478	3801	4584	4370	4394	4171	3933	4715	0
4470	3801	4583	4367	4384	4167	3915	4715	0
4493	3802	4590	4374	4395	4172	3934	4715	0
4495	3802	4591	4374	4405	4172	3944	4715	0
4473	3800	4576	4368	4391	4166	3918	4715	0
4464	3799	4564	4365	4378	4165	3905	4715	0
4470	3800	4568	4364	4387	4165	3917	4715	0
4486	3802	4582	4366	4400	4168	3932	4715	0
4490	3802	4587	4369	4401	4171	3929	4715	0
4473	3801	4572	4366	4392	4169	3915	4715	0
4462	3798	4564	4362	4390	4166	3909	4715	0
4478	3801	4577	4368	4390	4168	3916	4715	0
4481	3801	4577	4370	4385	4168	3915	4715	0
4467	3794	4564	4362	4381	4158	3907	4715	0
4485	3800	4584	4370	4392	4161	3927	4715	0
4514	3815	4611	4387	4409	4174	3954	4715	0
4505	3809	4594	4379	4406	4173	3942	4715	0
4484	3795	4575	4361	4395	4166	3920	4715	0
4489	3800	4585	4368	4400	4167	3929	4715	0
4494	3803	4587	4378	4404	4169	3936	4715	0
4488	3800	4582	4374	4399	4168	3928	4715	0
4492	3801	4585	4372	4402	4170	3926	4715	0
4484	3801	4575	4369	4401	4168	3915	4715	0
4476	3799	4566	4366	4398	4165	3908	4715	0
4487	3800	4579	4372	4404	4166	3924	4715	0
4496	3800	4587	4376	4406	4168	3932	4715	0
4498	3800	4583	4373	4404	4166	3922	4715	0
4506	3803	4586	4374	4406	4166	3927	4715	0
4514	3804	4590	4380	4410	4167	3943	4715	0
4503	3801	4584	4370	4409	4166	3939	4715	0
4494	3798	4583	4351	4407	4164	3928	4715	0
4500	3801	4585	4341	4409	4166	3933	4715	0
4501	3802	4582	4341	4411	4169	3940	4715	0
4496	3802	4583	4344	4404	4166	3930	4715	0
4498	3802	4584	4341	4395	4165	3923	4715	0
4504	3802	4582	4335	4398	4167	3927	4715	0
4506	3802	4583	4334	4400	4167	3927	4715	0
4500	3802	4580	4334	4399	4167	3927	4715	0
4494	3802	4572	4334	4401	4168	3928	4715	0
4494	3802	4572	4332	4397	4168	3926	4715	0
4496	3802	4574	4331	4395	4167	3924	4715	0
4498	3801	4577	4335	4401	4167	3930	4715	0
4500	3802	4584	4336	4403	4167	3933	4715	0
4494	3801	4586	4329	4397	4167	3929	4715	0
4491	3801	4585	4327	4397	4167	3932	4715	0
4509	3806	4598	4334	4403	4167	3944	4715	0
4517	3807	4608	4334	4402	4167	3940	4715	0
4496	3801	4585	4319	4392	4166	3922	4715	0
4482	3800	4566	4312	4388	4166	3919	4715	0
4489	3803	4575	4319	4392	4167	3927	4715	0
4490	3800	4581	4321	4392	4167	3922	4715	0
4487	3800	4573	4320	4389	4167	3916	4715	0
4495	3803	4580	4325	4394	4169	3924	4715	0
4498	3801	4588	4328	4400	4170	3928	4715	0
4495	3804	4586	4329	4398	4169	3928	4715	0
4503	3810	4589	4333	4398	4170	3936	4715	0
4507	3806	4593	4335	4402	4171	3940	4715	0
4503	3807	4590	4333	4403	4169	3933	4715	0
4505	3813	4592	4334	4400	4169	3933	4715	0
4506	3811	4597	4334	4402	4171	3936	4715	0
4503	3807	4596	4335	4407	4172	3938	4715	0
4504	3804	4594	4336	4406	4171	3940	4715	0
4503	3804	4595	4334	4401	4170	3937	4715	0
4504	3810	4598	4336	4405	4170	3939	4715	0
4509	3818	4602	4343	4413	4173	3944	4715	0
4504	3812	4598	4341	4408	4173	3938	4715	0
4490	3803	4588	4333	4400	4170	3927	4715	0
4487	3803	4580	4331	4398	4168	3920	4715	0
4490	3806	4581	4334	4400	4170	3922	4715	0
4493	3805	4584	4338	4402	4172	3930	4715	0
4501	3809	4584	4342	4402	4169	3933	4715	0
4504	3812	4584	4341	4401	4170	3930	4715	0
4504	3810	4590	4343	4404	4182	3933	4715	0
4508	3810	4597	4346	4409	4182	3941	4715	0
4507	3815	4598	4345	4405	4174	3940	4715	0
4502	3815	4597	4346	4404	4179	3939	4715	0
4507	3815	4603	4352	4408	4182	3944	4715	0
4509	3816	4604	4353	4408	4177	3946	4715	0
4501	3812	4591	4349	4404	4176	3935	4715	0
4500	3811	4588	4350	4403	4179	3930	4715	0
4508	3812	4594	4352	4401	4180	3936	4715	0
4501	3808	4589	4350	4398	4174	3933	4715	0
4494	3809	4581	4348	4401	4174	3926	4715	0
4503	3813	4584	4349	4401	4178	3929	4715	0
4508	3814	4586	4350	4400	4176	3931	4715	0
4504	3811	4584	4354	4400	4175	3931	4715	0
4505	3806	4587	4356	4402	4181	3936	4715	0
4509	3804	4592	4352	4402	4182	3939	4715	0
4509	3810	4596	4353	4400	4176	3938	4715	0
4511	3816	4599	4359	4400	4181	3943	4715	0
4510	3814	4600	4358	4402	4182	3945	4715	0
4506	3809	4595	4354	4403	4173	3940	4715	0
4503	3806	4591	4354	4399	4169	3930	4715	0
4504	3807	4595	4356	4396	4176	3924	4715	0
4508	3815	4595	4357	4400	4185	3930	4715	0
4505	3816	4587	4357	4401	4183	3932	4715	0
4501	3806	4584	4354	4399	4177	3924	4715	0
4504	3804	4587	4356	4398	4178	3925	4715	0
4506	3814	4588	4362	4399	4181	3932	4715	0
4499	3814	4588	4360	4400	4176	3931	4715	0
4491	3810	4585	4357	4398	4174	3925	4715	0
4491	3815	4585	4364	4398	4183	3926	4715	0
4494	3809	4587	4367	4400	4180	3928	4715	0
4500	3801	4585	4362	4396	4167	3924	4715	0
4504	3810	4585	4363	4395	4170	3926	4715	0
4506	3817	4594	4366	4401	4183	3937	4715	0
4506	3814	4600	4366	4402	4182	3942	4715	0
4506	3814	4597	4366	4398	4172	3934	4715	0
4506	3816	4595	4366	4402	4170	3930	4715	0
4508	3814	4597	4365	4406	4182	3938	4715	0
4511	3815	4601	4369	4405	4184	3944	4715	0
4508	3815	4599	4372	4405	4180	3937	4715	0
4502	3815	4588	4369	4401	4182	3928	4715	0
4502	3817	4582	4365	4397	4183	3927	4715	0
4505	3815	4584	4365	4396	4181	3929	4715	0
4505	3814	4590	4368	4401	4181	3932	4715	0
4504	3815	4595	4372	4406	4181	3939	4715	0
4504	3813	4594	4371	4407	4181	3940	4715	0
4506	3813	4595	4368	4404	4181	3935	4715	0
4507	3815	4597	4371	4401	4181	3934	4715	0
4506	3816	4594	4373	4402	4181	3934	4715	0
4504	3814	4589	4372	4406	4182	3930	4715	0
4501	3812	4589	4368	4405	4181	3929	4715	0
4503	3812	4593	4368	4402	4182	3933	4715	0
4502	3812	4595	4370	4402	4182	3931	4715	0
4502	3814	4590	4371	4402	4182	3928	4715	0
4502	3815	4584	4368	4398	4183	3925	4715	0
4495	3812	4585	4369	4398	4175	3923	4715	0
4491	3811	4584	4372	4398	4168	3924	4715	0
4496	3814	4583	4372	4397	4170	3924	4715	0
4501	3816	4587	4374	4402	4180	3927	4715	0
4501	3813	4586	4374	4403	4182	3929	4715	0
4496	3812	4582	4370	4398	4173	3925	4715	0
4494	3815	4587	4372	4398	4171	3924	4715	0
4500	3815	4597	4382	4401	4181	3931	4715	0
4507	3814	4595	4380	4401	4181	3934	4715	0
4503	3814	4585	4372	4396	4174	3927	4715	0
4500	3814	4585	4375	4396	4179	3928	4715	0
4504	3815	4593	4382	4402	4185	3936	4715	0
4507	3816	4593	4382	4404	4182	3935	4715	0
4501	3816	4588	4379	4400	4179	3928	4715	0
4490	3815	4586	4376	4398	4177	3927	4715	0
4496	3816	4591	4379	4400	4174	3929	4715	0
4510	3818	4598	4388	4400	4176	3930	4715	0
4505	3818	4597	4390	4396	4183	3930	4715	0
4490	3816	4588	4380	4396	4176	3925	4715	0
4488	3815	4580	4375	4397	4172	3918	4715	0
4491	3816	4581	4380	4397	4180	3922	4715	0
4490	3817	4585	4383	4395	4178	3926	4715	0
4492	3816	4589	4383	4397	4170	3928	4715	0
4495	3814	4591	4384	4400	4175	3933	4715	0
4494	3815	4588	4383	4398	4178	3930	4715	0
4493	3817	4585	4381	4395	4169	3924	4715	0
4496	3816	4588	4382	4398	4170	3929	4715	0
4494	3814	4589	4383	4401	4180	3933	4715	0
4491	3814	4585	4384	4391	4183	3927	4715	0
4492	3816	4589	4387	4389	4175	3925	4715	0
4496	3817	4594	4387	4395	4171	3927	4715	0
4489	3814	4584	4384	4392	4172	3919	4715	0
4477	3813	4568	4379	4388	4169	3906	4715	0
4474	3814	4566	4380	4389	4167	3906	4715	0
4480	3814	4571	4385	4391	4172	3914	4715	0
4480	3813	4574	4382	4390	4171	3912	4715	0
4473	3813	4569	4374	4390	4168	3908	4715	0
4472	3814	4568	4376	4391	4175	3916	4715	0
4481	3815	4578	4383	4390	4177	3926	4715	0
4491	3815	4586	4387	4392	4174	3926	4715	0
4493	3816	4587	4387	4394	4178	3924	4715	0
4491	3815	4585	4386	4394	4185	3925	4715	0
4492	3815	4588	4389	4392	4183	3927	4715	0
4494	3816	4594	4396	4396	4181	3931	4715	0
4495	3816	4594	4396	4402	4183	3932	4715	0
4495	3816	4586	4395	4398	4182	3929	4715	0
4489	3816	4585	4398	4391	4181	3925	4715	0
4481	3816	4585	4393	4389	4182	3916	4715	0
4485	3816	4583	4391	4393	4181	3914	4715	0
4490	3815	4583	4396	4393	4180	3923	4715	0
4481	3815	4584	4393	4392	4181	3927	4715	0
4472	3815	4581	4384	4395	4183	3922	4715	0
4483	3816	4585	4386	4394	4182	3923	4715	0
4494	3817	4593	4394	4394	4181	3928	4715	0
4492	3818	4596	4398	4400	4182	3931	4715	0
4490	3817	4598	4398	4401	4184	3935	4716	0
4494	3817	4597	4400	4395	4184	3936	4715	0
4491	3817	4587	4397	4395	4181	3927	4715	0
4485	3814	4582	4395	4395	4180	3924	4716	0
4486	3814	4586	4396	4391	4182	3924	4714	0
4485	3816	4589	4397	4392	4186	3916	4712	0
4478	3816	4585	4395	4393	4182	3914	4711	0
4473	3815	4583	4396	4387	4176	3918	4710	0
4480	3815	4583	4395	4389	4180	3914	4714	0
4489	3817	4585	4396	4395	4183	3909	4716	0
4484	3818	4585	4400	4394	4180	3917	4712	0
4474	3816	4581	4395	4393	4181	3921	4710	0
4474	3815	4580	4390	4393	4183	3917	4712	0
4475	3815	4584	4395	4393	4181	3917	4710	0
4480	3816	4582	4397	4398	4181	3923	4710	0
4489	3816	4588	4400	4401	4183	3929	4713	0
4490	3816	4598	4407	4397	4182	3929	4711	0
4488	3816	4595	4408	4398	4181	3928	4709	0
4487	3816	4587	4402	4399	4184	3927	4713	0
4481	3816	4587	4402	4398	4183	3929	4710	0
4478	3816	4589	4403	4399	4175	3924	4706	0
4478	3816	4582	4400	4395	4170	3912	4711	0
4472	3815	4574	4398	4390	4170	3907	4711	0
4469	3814	4578	4397	4392	4175	3909	4710	0
4474	3816	4582	4397	4395	4183	3910	4711	0
4475	3815	4574	4397	4395	4184	3909	4707	0
4472	3814	4572	4398	4393	4174	3909	4709	0
4473	3815	4583	4397	4394	4169	3912	4710	0
4476	3816	4586	4400	4396	4175	3915	4706	0
4475	3815	4583	4406	4395	4176	3914	4709	0
4475	3815	4588	4405	4392	4169	3914	4712	0
4483	3816	4596	4406	4394	4172	3921	4708	0
4485	3815	4600	4411	4402	4183	3927	4713	0
4477	3814	4597	4411	4401	4185	3927	4716	0
4476	3815	4592	4409	4396	4178	3924	4708	0
4480	3817	4589	4411	4398	4175	3919	4710	0
4474	3816	4585	4411	4397	4174	3911	4714	0
4471	3814	4585	4411	4395	4173	3907	4709	0
4477	3815	4587	4412	4398	4178	3910	4705	0
4475	3817	4585	4404	4397	4180	3909	4711	0
4467	3816	4584	4397	4393	4174	3902	4717	0
4466	3815	4584	4398	4395	4175	3902	4713	0
4472	3815	4582	4396	4398	4176	3908	4709	0
4473	3815	4585	4394	4396	4172	3909	4712	0
4475	3815	4596	4397	4400	4179	3911	4715	0
4480	3816	4597	4398	4402	4184	3914	4716	0
4477	3816	4587	4393	4397	4173	3910	4712	0
4470	3814	4582	4392	4395	4171	3908	4709	0
4474	3815	4590	4397	4398	4179	3914	4712	0
4482	3817	4600	4402	4398	4182	3915	4713	0
4478	3816	4592	4403	4396	4182	3911	4711	0
4474	3814	4584	4401	4397	4175	3911	4711	0
4474	3814	4590	4403	4395	4168	3912	4711	0
4468	3814	4590	4404	4391	4170	3908	4711	0
4468	3815	4582	4401	4394	4170	3909	4711	0
4474	3815	4584	4402	4392	4167	3909	4710	0
4468	3814	4584	4403	4389	4168	3901	4711	0
4459	3813	4578	4397	4391	4168	3897	4711	0
4464	3815	4581	4396	4393	4168	3905	4709	0
4473	3816	4588	4407	4395	4169	3910	4712	0
4477	3815	4593	4414	4398	4168	3911	4715	0
4475	3815	4591	4410	4394	4168	3911	4714	0
4471	3813	4587	4406	4393	4168	3909	4713	0
4474	3812	4587	4411	4397	4168	3909	4714	0
4478	3815	4589	4414	4400	4169	3916	4715	0
4474	3816	4588	4411	4396	4169	3913	4714	0
4466	3814	4584	4408	4392	4167	3899	4712	0
4466	3814	4582	4410	4392	4167	3898	4711	0
4471	3816	4585	4412	4393	4167	3909	4712	0
4474	3816	4588	4413	4394	4167	3910	4711	0
4473	3816	4581	4412	4396	4168	3904	4710	0
4469	3814	4575	4411	4395	4169	3906	4712	0
4467	3814	4579	4410	4392	4169	3905	4711	0
4470	3816	4584	4409	4394	4169	3903	4712	0
4479	3816	4591	4413	4400	4170	3915	4712	0
4485	3814	4597	4416	4402	4169	3922	4711	0
4480	3815	4598	4416	4400	4168	3913	4712	0
4472	3816	4595	4414	4396	4167	3914	4712	0
4473	3814	4589	4412	4397	4169	3920	4710	0
4478	3814	4591	4413	4401	4171	3920	4712	0
4477	3815	4596	4417	4402	4171	3921	4715	0
4477	3815	4595	4418	4401	4170	3925	4713	0
4482	3815	4593	4418	4401	4171	3925	4714	0
4481	3816	4597	4419	4401	4171	3922	4714	0
4475	3815	4589	4416	4397	4170	3915	4711	0
4472	3814	4581	4412	4396	4170	3907	4713	0
4473	3815	4585	4411	4397	4170	3907	4717	0
4472	3815	4584	4411	4396	4170	3915	4716	0
4473	3813	4583	4412	4397	4171	3922	4715	0
4476	3813	4589	4414	4399	4172	3921	4716	0
4477	3814	4590	4415	4397	4172	3913	4716	0
4473	3814	4589	4413	4395	4170	3912	4715	0
4478	3814	4596	4414	4397	4170	3920	4717	0
4484	3815	4603	4415	4397	4170	3923	4715	0
4474	3813	4591	4414	4395	4168	3915	4711	0
4463	3813	4580	4411	4395	4167	3910	4714	0
4470	3814	4583	4409	4395	4169	3912	4715	0
4478	3814	4588	4412	4397	4171	3912	4714	0
4469	3814	4583	4414	4397	4169	3907	4714	0
4460	3815	4576	4410	4393	4169	3900	4713	0
4464	3813	4577	4408	4393	4169	3894	4713	0
4472	3812	4582	4410	4394	4169	3899	4715	0
4476	3815	4587	4413	4394	4169	3911	4713	0
4475	3816	4590	4413	4397	4171	3917	4709	0
4477	3814	4590	4412	4401	4172	3915	4711	0
4481	3815	4593	4412	4397	4170	3917	4712	0
4479	3816	4598	4413	4395	4169	3923	4710	0
4483	3814	4602	4414	4400	4169	3925	4711	0
4488	3814	4601	4414	4402	4170	3924	4711	0
4481	3815	4595	4413	4396	4169	3921	4712	0
4473	3814	4588	4413	4393	4168	3917	4712	0
4476	3815	4587	4413	4398	4168	3915	4711	0
4478	3815	4590	4415	4401	4171	3914	4712	0
4475	3814	4583	4415	4400	4172	3911	4711	0
4476	3814	4580	4413	4398	4172	3910	4711	0
4475	3815	4583	4412	4398	4171	3909	4712	0
4475	3815	4577	4410	4397	4170	3907	4711	0
4474	3813	4570	4404	4394	4170	3906	4710	0
4471	3813	4577	4404	4394	4169	3909	4715	0
4474	3815	4587	4410	4398	4169	3913	4715	0
4481	3815	4586	4411	4400	4170	3915	4712	0
4480	3815	4585	4408	4397	4172	3915	4713	0
4475	3815	4588	4411	4395	4171	3917	4712	0
4477	3815	4587	4413	4397	4170	3918	4713	0
4478	3815	4586	4410	4398	4170	3916	4715	0
4480	3815	4588	4410	4394	4170	3913	4714	0
4484	3815	4591	4414	4395	4170	3912	4714	0
4485	3815	4588	4413	4400	4169	3913	4715	0
4484	3815	4584	4410	4399	4169	3911	4711	0
4482	3815	4586	4411	4395	4171	3909	4709	0
4483	3815	4588	4414	4397	4172	3912	4712	0
4485	3815	4586	4414	4398	4171	3912	4711	0
4480	3815	4585	4412	4392	4170	3912	4710	0
4471	3815	4584	4413	4391	4171	3914	4712	0
4467	3815	4582	4410	4395	4170	3913	4711	0
4471	3815	4583	4407	4394	4169	3912	4711	0
4472	3816	4588	4405	4394	4169	3917	4713	0
4476	3817	4594	4405	4398	4171	3924	4717	0
4484	3816	4598	4409	4401	4171	3925	4718	0
4489	3817	4598	4411	4401	4171	3926	4714	0
4490	3816	4598	4409	4400	4171	3927	4715	0
4487	3815	4598	4409	4398	4171	3924	4719	0
4482	3815	4593	4411	4400	4172	3917	4714	0
4478	3815	4587	4411	4400	4170	3913	4711	0
4476	3815	4585	4409	4397	4169	3913	4716	0
4471	3815	4585	4410	4397	4170	3914	4716	0
4468	3815	4583	4411	4396	4170	3912	4711	0
4476	3815	4583	4413	4395	4170	3913	4714	0
4480	3815	4586	4414	4399	4172	3920	4718	0
4473	3817	4583	4411	4397	4173	3917	4714	0
4471	3817	4582	4410	4392	4171	3908	4714	0
4475	3816	4590	4414	4396	4168	3913	4718	0
4478	3815	4597	4418	4401	4169	3926	4711	0
4477	3816	4597	4417	4399	4170	3927	4706	0
4476	3816	4595	4414	4398	4170	3921	4713	0
4475	3815	4593	4412	4399	4169	3918	4714	0
4475	3815	4592	4414	4398	4169	3913	4712	0
4473	3815	4589	4422	4395	4170	3911	4714	0
4475	3816	4590	4429	4398	4171	3914	4714	0
4479	3816	4592	4429	4402	4171	3913	4709	0
4473	3817	4589	4424	4398	4170	3909	4710	0
4468	3816	4584	4421	4396	4170	3910	4712	0
4467	3816	4576	4415	4397	4170	3908	4711	0
4461	3816	4571	4413	4391	4170	3900	4714	0
4461	3816	4576	4417	4390	4170	3902	4716	0
4473	3814	4587	4417	4397	4169	3913	4711	0
4475	3814	4585	4415	4400	4169	3914	4708	0
4466	3815	4583	4418	4395	4169	3911	4712	0
4462	3815	4586	4416	4392	4168	3912	4713	0
4460	3815	4583	4413	4393	4167	3911	4712	0
4464	3816	4583	4422	4396	4169	3910	4714	0
4475	3817	4594	4430	4398	4172	3917	4713	0
4477	3816	4600	4426	4398	4170	3923	4710	0
4474	3816	4591	4425	4397	4169	3917	4711	0
4472	3815	4581	4426	4395	4170	3909	4709	0
4472	3816	4582	4425	4396	4170	3907	4706	0
4472	3817	4585	4426	4399	4170	3913	4708	0
4474	3816	4585	4428	4399	4169	3919	4707	0
4473	3816	4585	4427	4397	4169	3915	4707	0
4467	3816	4582	4423	4396	4172	3908	4707	0
4462	3815	4581	4418	4394	4170	3908	4707	0
4467	3815	4583	4419	4394	4170	3913	4707	0
4477	3817	4587	4425	4399	4175	3921	4707	0
4480	3817	4590	4427	4401	4174	3928	4707	0
4482	3816	4596	4426	4400	4169	3929	4707	0
4485	3816	4601	4428	4400	4170	3930	4707	0
4480	3816	4592	4426	4400	4171	3925	4707	0
4471	3817	4582	4420	4396	4169	3912	4707	0
4467	3816	4582	4417	4390	4170	3907	4707	0
4466	3815	4585	4422	4388	4171	3910	4707	0
4472	3815	4584	4426	4395	4169	3915	4708	0
4475	3815	4585	4426	4398	4169	3917	4706	0
4472	3816	4587	4428	4394	4171	3914	4708	0
4471	3817	4582	4425	4397	4171	3910	4715	0
4466	3816	4580	4421	4400	4170	3911	4718	0
4457	3815	4580	4422	4394	4171	3911	4715	0
4458	3814	4576	4421	4389	4172	3908	4714	0
4468	3814	4578	4418	4393	4170	3908	4718	0
4474	3815	4587	4424	4398	4170	3913	4716	0
4474	3815	4590	4428	4395	4171	3914	4713	0
4473	3816	4585	4425	4392	4170	3911	4714	0
4474	3816	4586	4426	4395	4168	3916	4713	0
4476	3816	4590	4429	4399	4169	3927	4713	0
4476	3816	4589	4427	4395	4169	3924	4714	0
4471	3816	4585	4425	4392	4168	3914	4713	0
4467	3814	4582	4426	4395	4170	3910	4712	0
4466	3815	4580	4427	4393	4171	3911	4717	0
4470	3818	4581	4426	4390	4171	3912	4718	0
4468	3816	4580	4426	4394	4171	3909	4715	0
4465	3814	4575	4426	4398	4170	3908	4717	0
4472	3816	4580	4426	4399	4171	3916	4717	0
4472	3817	4582	4426	4399	4172	3921	4714	0
4466	3814	4576	4426	4398	4173	3913	4711	0
4464	3814	4576	4426	4393	4171	3908	4710	0
4467	3816	4584	4427	4390	4169	3914	4711	0
4470	3816	4585	4428	4391	4174	3923	4713	0
4472	3814	4584	4429	4396	4175	3921	4715	0
4474	3814	4587	4427	4398	4171	3917	4712	0
4474	3814	4585	4426	4395	4170	3919	4710	0
4471	3814	4582	4425	4392	4171	3918	4712	0
4466	3814	4584	4428	4394	4168	3910	4713	0
4463	3814	4581	4429	4395	4170	3908	4711	0
4461	3814	4576	4427	4393	4173	3910	4711	0
4462	3814	4578	4428	4392	4170	3909	4711	0
4463	3814	4577	4429	4392	4171	3912	4710	0
4464	3814	4574	4430	4393	4173	3913	4711	0
4465	3814	4582	4429	4393	4172	3911	4712	0
4467	3814	4588	4429	4393	4170	3913	4711	0
4471	3815	4584	4432	4394	4171	3916	4710	0
4474	3815	4584	4433	4394	4171	3916	4710	0
4472	3815	4588	4428	4392	4170	3917	4711	0
4473	3816	4589	4431	4395	4172	3925	4712	0
4480	3817	4592	4440	4399	4174	3927	4711	0
4478	3818	4593	4438	4397	4172	3926	4711	0
4478	3818	4591	4432	4398	4169	3928	4712	0
4477	3817	4585	4431	4400	4177	3920	4711	0
4471	3816	4582	4430	4395	4184	3910	4709	0
4470	3816	4585	4430	4391	4175	3911	4711	0
4474	3816	4588	4434	4391	4166	3912	4716	0
4470	3816	4583	4432	4391	4170	3910	4715	0
4460	3815	4575	4426	4388	4172	3908	4712	0
4459	3815	4576	4429	4391	4170	3910	4713	0
4473	3816	4586	4435	4397	4171	3922	4714	0
4483	3818	4593	4434	4397	4177	3929	4711	0
4480	3818	4598	4434	4396	4183	3928	4714	0
4481	3816	4602	4438	4401	4184	3932	4718	0
4489	3817	4602	4436	4403	4183	3943	4716	0
4488	3818	4601	4434	4400	4181	3943	4714	0
4477	3818	4601	4436	4398	4182	3933	4712	0
4474	3817	4595	4437	4398	4182	3927	4709	0
4478	3816	4589	4442	4397	4176	3928	4710	0
4476	3815	4588	4442	4396	4171	3929	4715	0
4475	3816	4588	4431	4395	4169	3926	4715	0
4474	3817	4585	4428	4395	4176	3924	4712	0
4472	3816	4585	4437	4394	4178	3924	4713	0
4473	3816	4585	4443	4392	4174	3925	4716	0
4474	3817	4583	4441	4392	4177	3926	4719	0
4471	3817	4583	4434	4394	4180	3921	4714	0
4471	3817	4584	4432	4395	4173	3920	4710	0
4474	3816	4583	4435	4393	4169	3921	4712	0
4470	3815	4585	4433	4391	4172	3916	4712	0
4465	3816	4586	4429	4392	4170	3917	4709	0
4470	3816	4583	4434	4391	4169	3925	4712	0
4480	3816	4591	4441	4393	4173	3928	4718	0
4482	3817	4601	4437	4394	4172	3926	4717	0
4475	3817	4592	4435	4392	4171	3926	4711	0
4474	3816	4582	4440	4391	4172	3927	4712	0
4475	3818	4586	4442	4390	4172	3923	4713	0
4468	3818	4588	4438	4386	4170	3915	4708	0
4464	3815	4583	4434	4388	4168	3916	4707	0
4472	3815	4584	4434	4392	4170	3922	4712	0
4474	3817	4586	4430	4390	4170	3921	4713	0
4465	3817	4580	4428	4387	4168	3916	4711	0
4458	3816	4576	4430	4386	4169	3916	4712	0
4462	3816	4580	4430	4387	4170	3922	4714	0
4473	3817	4587	4429	4391	4170	3928	4715	0
4483	3817	4593	4434	4394	4170	3932	4713	0
4479	3818	4593	4440	4395	4171	3928	4709	0
4471	3817	4586	4435	4394	4171	3922	4711	0
4471	3815	4583	4429	4389	4170	3916	4711	0
4469	3815	4579	4429	4387	4168	3913	4710	0
4467	3817	4575	4430	4391	4169	3917	4711	0
4467	3817	4580	4433	4389	4170	3917	4711	0
4463	3816	4586	4437	4384	4171	3912	4710	0
4465	3816	4583	4437	4386	4171	3915	4713	0
4473	3816	4584	4436	4392	4171	3926	4716	0
4473	3816	4586	4432	4394	4176	3927	4712	0
4469	3816	4584	4428	4390	4182	3924	4712	0
4471	3816	4581	4430	4390	4174	3925	4717	0
4473	3818	4586	4436	4393	4167	3928	4717	0
4479	3820	4596	4440	4395	4172	3930	4715	0
4480	3819	4596	4441	4393	4172	3928	4717	0
4474	3817	4589	4440	4390	4167	3925	4716	0
4481	3818	4596	4441	4391	4174	3928	4715	0
4490	3818	4604	4445	4394	4183	3934	4717	0
4485	3818	4594	4444	4395	4177	3932	4717	0
4472	3816	4583	4432	4387	4167	3919	4715	0
4469	3816	4583	4427	4383	4167	3916	4712	0
4477	3818	4587	4435	4390	4178	3929	4711	0
4482	3820	4592	4445	4396	4186	3935	4713	0
4477	3818	4591	4442	4393	4181	3927	4712	0
4471	3815	4585	4430	4391	4171	3922	4711	0
4474	3816	4583	4431	4394	4170	3926	4715	0
4477	3818	4584	4439	4391	4170	3926	4716	0
4473	3817	4586	4436	4386	4172	3924	4714	0
4472	3815	4592	4430	4390	4181	3926	4714	0
4474	3816	4593	4429	4394	4176	3928	4714	0
4474	3818	4587	4422	4387	4172	3925	4714	0
4471	3817	4586	4414	4382	4176	3922	4715	0
4475	3816	4589	4417	4387	4176	3924	4717	0
4477	3816	4589	4424	4392	4171	3925	4716	0
4474	3817	4587	4426	4394	4171	3923	4714	0
4480	3820	4592	4428	4397	4172	3925	4713	0
4482	3820	4593	4428	4398	4172	3927	4715	0
4465	3816	4579	4424	4389	4173	3916	4715	0
4451	3814	4567	4417	4376	4174	3904	4711	0
4464	3816	4570	4415	4381	4174	3911	4712	0
4474	3817	4577	4417	4390	4173	3917	4715	0
4465	3816	4576	4414	4387	4173	3911	4713	0
4464	3815	4581	4415	4384	4176	3913	4712	0
4477	3817	4588	4424	4390	4175	3925	4716	0
4477	3818	4591	4424	4394	4173	3925	4716	0
4470	3817	4587	4418	4389	4173	3916	4712	0
4470	3816	4584	4422	4383	4169	3911	4714	0
4471	3814	4585	4425	4382	4171	3912	4717	0
4469	3814	4584	4424	4383	4172	3910	4713	0
4471	3816	4582	4425	4382	4167	3909	4711	0
4474	3817	4586	4428	4386	4174	3920	4714	0
4473	3817	4583	4426	4392	4181	3924	4713	0
4469	3816	4575	4425	4388	4176	3914	4712	0
4477	3816	4578	4427	4387	4178	3917	4714	0
4488	3817	4589	4429	4396	4186	3932	4711	0
4481	3817	4588	4429	4395	4184	3928	4709	0
4468	3817	4580	4425	4385	4182	3916	4714	0
4472	3816	4582	4426	4387	4184	3919	4715	0
4479	3817	4588	4427	4397	4181	3927	4713	0
4477	3818	4589	4428	4396	4180	3926	4716	0
4478	3818	4588	4429	4393	4176	3927	4718	0
4479	3818	4587	4430	4393	4171	3931	4717	0
4472	3817	4585	4428	4389	4171	3922	4715	0
4472	3815	4586	4426	4385	4171	3910	4713	0
4472	3814	4583	4426	4384	4171	3914	4714	0
4464	3815	4576	4425	4384	4172	3916	4716	0
4468	3817	4580	4426	4385	4176	3910	4717	0
4477	3817	4584	4430	4388	4174	3911	4714	0
4465	3816	4572	4429	4384	4169	3913	4712	0
4457	3815	4567	4424	4381	4172	3910	4714	0
4470	3816	4574	4425	4383	4177	3911	4714	0
4474	3816	4574	4428	4384	4172	3914	4713	0
4464	3813	4568	4426	4383	4168	3911	4716	0
4461	3816	4568	4422	4383	4172	3906	4717	0
4471	3817	4576	4425	4384	4170	3910	4715	0
4483	3815	4585	4431	4393	4172	3925	4716	0
4490	3824	4592	4435	4398	4183	3931	4716	0
4490	3831	4592	4433	4398	4185	3929	4715	0
4485	3821	4590	4429	4400	4181	3930	4717	0
4474	3813	4583	4427	4398	4182	3925	4718	0
4469	3817	4572	4427	4388	4180	3912	4714	0
4474	3818	4574	4428	4383	4175	3908	4714	0
4473	3817	4580	4427	4386	4177	3911	4715	0
4463	3816	4572	4427	4384	4174	3909	4713	0
4460	3815	4564	4427	4381	4169	3907	4714	0
4463	3817	4570	4428	4382	4170	3909	4714	0
4464	3817	4571	4427	4384	4172	3909	4710	0
4468	3815	4566	4425	4384	4169	3909	4710	0
4472	3816	4570	4429	4383	4170	3912	4712	0
4471	3817	4573	4431	4382	4172	3914	4711	0
4468	3817	4570	4428	4381	4170	3911	4711	0
4473	3818	4573	4433	4387	4175	3912	4712	0
4483	3818	4584	4443	4392	4181	3921	4710	0
4487	3818	4588	4442	4391	4175	3928	4710	0
4480	3818	4588	4435	4390	4172	3929	4711	0
4473	3818	4585	4431	4390	4175	3924	4710	0
4474	3817	4576	4428	4387	4178	3916	4709	0
4469	3816	4570	4429	4383	4177	3912	4712	0
4460	3815	4568	4430	4384	4175	3912	4715	0
4463	3815	4568	4429	4384	4169	3912	4716	0
4472	3816	4569	4429	4384	4168	3912	4715	0
4468	3813	4570	4430	4383	4171	3913	4714	0
4457	3812	4566	4427	4378	4172	3913	4715	0
4457	3815	4565	4426	4379	4173	3911	4715	0
4464	3815	4566	4426	4382	4172	3910	4714	0
4468	3815	4569	4428	4383	4172	3911	4715	0
4467	3816	4573	4434	4383	4172	3915	4718	0
4459	3812	4570	4435	4382	4169	3912	4715	0
4458	3810	4567	4431	4380	4169	3909	4715	0
4463	3815	4571	4427	4380	4173	3913	4716	0
4462	3815	4571	4427	4379	4174	3913	4716	0
4457	3811	4565	4426	4377	4170	3910	4716	0
4457	3813	4565	4428	4380	4170	3910	4716	0
4461	3817	4571	4428	4380	4173	3911	4716	0
4461	3816	4571	4422	4377	4174	3912	4716	0
4455	3814	4567	4421	4377	4172	3911	4716	0
4457	3814	4570	4427	4378	4171	3910	4716	0
4468	3816	4575	4429	4381	4180	3916	4716	0
4468	3815	4573	4425	4381	4184	3921	4716	0
4457	3812	4567	4421	4379	4174	3910	4716	0
4457	3813	4567	4420	4393	4174	3906	4717	0
4463	3814	4570	4418	4412	4184	3912	4716	0
4462	3812	4574	4415	4411	4181	3913	4716	0
4464	3813	4574	4419	4402	4177	3914	4717	0
4472	3816	4579	4429	4400	4184	3923	4715	0
4478	3816	4585	4432	4395	4184	3929	4712	0
4473	3815	4578	4423	4386	4182	3925	4712	0
4461	3815	4565	4415	4381	4184	3914	4714	0
4455	3816	4565	4421	4380	4183	3908	4712	0
4462	3815	4570	4427	4383	4181	3910	4710	0
4472	3813	4568	4428	4382	4186	3913	4715	0
4469	3812	4567	4429	4381	4183	3912	4717	0
4464	3815	4569	4430	4382	4173	3911	4710	0
4472	3816	4569	4429	4382	4176	3912	4710	0
4477	3815	4570	4431	4383	4185	3913	4717	0
4471	3815	4572	4428	4382	4183	3912	4718	0
4473	3816	4574	4426	4382	4181	3918	4714	0
4476	3816	4573	4427	4383	4183	3921	4715	0
4464	3815	4570	4426	4382	4183	3912	4716	0
4457	3813	4571	4425	4381	4182	3912	4716	0
4464	3812	4574	4425	4380	4181	3917	4717	0
4474	3814	4582	4427	4380	4181	3912	4716	0
4475	3817	4585	4431	4383	4185	3913	4713	0
4463	3816	4574	4430	4383	4183	3914	4713	0
4453	3815	4564	4425	4373	4181	3905	4713	0
4460	3814	4567	4425	4376	4185	3906	4713	0
4463	3814	4568	4427	4382	4181	3912	4714	0
4462	3814	4567	4427	4379	4174	3908	4713	0
4465	3815	4566	4426	4379	4176	3908	4714	0
4472	3816	4567	4429	4384	4174	3918	4714	0
4481	3817	4578	4433	4386	4168	3928	4711	0
4483	3817	4586	4433	4387	4168	3926	4709	0
4474	3816	4576	4427	4383	4169	3913	4711	0
4472	3816	4572	4427	4379	4167	3909	4713	0
4475	3815	4575	4429	4384	4167	3913	4717	0
4471	3814	4570	4426	4383	4167	3912	4717	0
4469	3815	4568	4425	4378	4167	3912	4714	0
4478	3816	4572	4430	4382	4170	3916	4716	0
4474	3815	4569	4429	4383	4171	3912	4717	0
4461	3815	4565	4426	4379	4169	3907	4716	0
4466	3815	4567	4427	4380	4168	3910	4716	0
4475	3815	4567	4428	4382	4167	3914	4717	0
4478	3817	4571	4428	4384	4171	3921	4716	0
4485	3818	4578	4427	4389	4176	3926	4716	0
4484	3817	4575	4423	4388	4174	3917	4717	0
4476	3816	4572	4422	4383	4169	3913	4715	0
4481	3816	4581	4426	4384	4169	3916	4712	0
4485	3816	4586	4428	4384	4170	3913	4711	0
4478	3816	4586	4427	4384	4170	3919	4713	0
4474	3816	4584	4428	4389	4170	3926	4713	0
4470	3815	4576	4428	4387	4169	3915	4711	0
4470	3817	4573	4427	4380	4167	3910	4715	0
4476	3818	4577	4429	4382	4168	3921	4717	0
4476	3816	4580	4429	4385	4170	3917	4712	0
4472	3815	4578	4427	4380	4169	3910	4709	0
4466	3815	4573	4420	4377	4169	3909	4712	0
4461	3815	4567	4417	4380	4171	3909	4713	0
4461	3815	4569	4419	4382	4171	3912	4711	0
4465	3817	4572	4417	4382	4170	3914	4710	0
4469	3817	4568	4414	4381	4170	3911	4714	0
4472	3817	4570	4418	4382	4171	3910	4717	0
4474	3816	4579	4422	4382	4169	3911	4715	0
4470	3814	4581	4417	4382	4169	3912	4714	0
4462	3813	4572	4413	4382	4171	3911	4716	0
4457	3814	4567	4416	4379	4170	3909	4717	0
4463	3815	4573	4420	4376	4170	3916	4716	0
4471	3816	4583	4421	4378	4172	3925	4717	0
4473	3815	4584	4426	4381	4169	3923	4715	0
4472	3815	4577	4428	4381	4170	3923	4712	0
4467	3816	4575	4421	4383	4181	3929	4715	0
4461	3815	4574	4413	4377	4177	3925	4715	0
4458	3813	4569	4412	4369	4167	3912	4713	0
4461	3814	4566	4414	4371	4168	3908	4715	0
4462	3816	4574	4420	4374	4173	3915	4714	0
4466	3815	4584	4422	4377	4172	3926	4713	0
4474	3814	4583	4416	4380	4170	3927	4715	0
4470	3815	4581	4413	4380	4170	3917	4715	0
4460	3816	4580	4416	4376	4171	3913	4714	0
4457	3814	4573	4416	4372	4171	3912	4716	0
4461	3814	4572	4414	4373	4169	3910	4717	0
4460	3815	4577	4416	4374	4171	3909	4716	0
4462	3815	4578	4419	4376	4170	3910	4715	0
4467	3814	4581	4417	4380	4168	3918	4712	0
4464	3812	4580	4413	4378	4170	3922	4713	0
4454	3812	4570	4409	4373	4169	3907	4714	0
4459	3815	4575	4409	4377	4169	3903	4713	0
4476	3817	4592	4417	4387	4183	3925	4713	0
4480	3817	4592	4420	4385	4186	3931	4715	0
4473	3819	4586	4413	4381	4172	3921	4713	0
4476	3820	4588	4410	4383	4170	3925	4712	0
4472	3816	4581	4412	4380	4175	3923	4717	0
4460	3812	4570	4412	4373	4170	3908	4719	0
4457	3813	4573	4411	4374	4172	3906	4715	0
4465	3817	4581	4413	4383	4177	3912	4715	0
4465	3817	4578	4414	4383	4176	3911	4716	0
4461	3815	4578	4415	4376	4178	3911	4716	0
4466	3815	4588	4416	4378	4176	3915	4716	0
4470	3817	4588	4413	4383	4168	3915	4716	0
4457	3816	4573	4412	4372	4168	3909	4716	0
4449	3814	4570	4415	4367	4172	3907	4717	0
4457	3815	4580	4416	4376	4169	3916	4716	0
4463	3816	4579	4413	4378	4169	3918	4715	0
4458	3816	4570	4412	4374	4171	3912	4718	0
4457	3815	4575	4413	4375	4168	3911	4716	0
4463	3816	4583	4414	4376	4171	3914	4710	0
4468	3816	4582	4413	4378	4180	3915	4712	0
4467	3816	4583	4414	4383	4175	3914	4716	0
4468	3817	4584	4413	4382	4171	3913	4712	0
4473	3818	4581	4415	4381	4181	3916	4708	0
4477	3817	4586	4425	4384	4186	3926	4712	0
4476	3817	4594	4427	4384	4182	3932	4715	0
4477	3818	4591	4417	4383	4183	3931	4716	0
4476	3818	4586	4420	4382	4184	3928	4716	0
4476	3818	4589	4427	4381	4180	3926	4715	0
4476	3818	4589	4421	4380	4181	3925	4715	0
4473	3817	4583	4415	4378	4181	3923	4713	0
4469	3816	4584	4420	4382	4182	3926	4712	0
4466	3816	4586	4422	4385	4184	3930	4713	0
4462	3816	4581	4415	4378	4181	3921	4713	0
4462	3817	4581	4411	4374	4182	3911	4712	0
4462	3816	4582	4415	4378	4181	3910	4712	0
4460	3815	4578	4415	4377	4172	3910	4713	0
4466	3816	4576	4414	4376	4173	3916	4713	0
4474	3817	4584	4422	4381	4184	3922	4714	0
4467	3816	4586	4425	4378	4184	3916	4712	0
4464	3816	4582	4418	4375	4182	3914	4714	0
4477	3816	4587	4419	4383	4183	3926	4716	0
4477	3816	4588	4423	4383	4176	3926	4713	0
4467	3816	4584	4421	4375	4177	3919	4713	0
4473	3817	4584	4418	4380	4187	3926	4716	0
4478	3818	4587	4415	4385	4186	3928	4713	0
4463	3817	4583	4411	4379	4182	3913	4708	0
4459	3815	4575	4412	4374	4184	3905	4711	0
4468	3815	4581	4417	4377	4185	3918	4715	0
4466	3816	4586	4415	4383	4184	3922	4716	0
4463	3816	4581	4413	4384	4184	3914	4716	0
4467	3817	4577	4415	4378	4184	3915	4715	0
4465	3817	4583	4416	4378	4183	3920	4715	0
4465	3816	4586	4424	4382	4182	3920	4716	0
4473	3816	4583	4428	4382	4184	3923	4716	0
4476	3817	4591	4420	4384	4188	3930	4716	0
4475	3817	4597	4417	4385	4186	3923	4716	0
4478	3818	4592	4425	4383	4185	3915	4717	0
4477	3818	4590	4426	4386	4186	3922	4717	0
4475	3818	4592	4425	4390	4185	3928	4716	0
4477	3818	4594	4429	4386	4185	3924	4717	0
4476	3818	4591	4428	4382	4185	3921	4716	0
4472	3818	4584	4420	4384	4184	3924	4711	0
4478	3818	4588	4422	4387	4182	3925	4713	0
4483	3817	4600	4431	4387	4184	3926	4717	0
4482	3818	4600	4429	4390	4185	3929	4713	0
4485	3818	4595	4425	4394	4185	3932	4708	0
4485	3817	4600	4430	4391	4186	3931	4711	0
4485	3817	4601	4430	4386	4184	3926	4713	0
4486	3819	4598	4420	4389	4185	3922	4710	0
4483	3818	4594	4415	4389	4187	3917	4711	0
4475	3816	4589	4416	4381	4184	3914	4715	0
4473	3817	4589	4417	4380	4182	3918	4715	0
4478	3818	4597	4422	4388	4184	3926	4710	0
4487	3818	4602	4427	4391	4186	3924	4710	0
4488	3817	4596	4426	4386	4186	3917	4712	0
4475	3816	4587	4425	4386	4184	3919	4714	0
4473	3816	4588	4428	4391	4185	3924	4716	0
4480	3818	4595	4427	4388	4185	3922	4717	0
4474	3817	4591	4419	4384	4185	3914	4716	0
4471	3816	4585	4414	4384	4183	3914	4718	0
4474	3816	4586	4417	4384	4183	3914	4720	0
4473	3816	4591	4425	4383	4183	3911	4715	0
4481	3816	4597	4427	4384	4183	3918	4710	0
4489	3819	4601	4427	4388	4184	3927	4714	0
4483	3818	4602	4427	4393	4184	3925	4714	0
4477	3816	4600	4429	4391	4183	3920	4710	0
4488	3817	4600	4428	4387	4183	3923	4710	0
4494	3818	4601	4428	4391	4184	3927	4713	0
4490	3818	4602	4428	4397	4185	3930	4712	0
4487	3818	4600	4422	4393	4186	3927	4709	0
4480	3817	4591	4414	4385	4185	3915	4709	0
4474	3816	4585	4413	4383	4182	3909	4710	0
4476	3817	4586	4413	4386	4183	3913	4710	0
4474	3818	4586	4410	4387	4184	3913	4709	0
4474	3818	4586	4410	4388	4184	3910	4711	0
4483	3818	4588	4413	4391	4185	3913	4712	0
4482	3818	4586	4411	4390	4185	3915	4710	0
4473	3816	4584	4404	4386	4184	3911	4711	0
4473	3817	4586	4402	4387	4185	3910	4714	0
4480	3817	4586	4409	4388	4185	3912	4715	0
4485	3816	4590	4415	4387	4183	3917	4711	0
4488	3817	4600	4416	4387	4185	3924	4709	0
4490	3820	4603	4416	4391	4186	3928	4712	0
4491	3818	4599	4415	4392	4185	3928	4711	0
4487	3816	4595	4414	4388	4184	3924	4710	0
4483	3817	4589	4415	4387	4185	3923	4712	0
4483	3818	4586	4414	4387	4184	3922	4714	0
4479	3815	4585	4415	4386	4183	3916	4714	0
4473	3815	4583	4414	4384	4183	3911	4711	0
4473	3817	4582	4413	4382	4182	3909	4710	0
4477	3817	4584	4417	4384	4183	3916	4711	0
4479	3817	4584	4423	4388	4185	3922	4712	0
4475	3818	4583	4420	4389	4185	3916	4716	0
4472	3818	4582	4415	4384	4184	3912	4717	0
4476	3817	4584	4415	4382	4183	3917	4714	0
4480	3817	4586	4416	4384	4184	3918	4715	0
4476	3816	4585	4413	4383	4186	3916	4717	0
4474	3815	4582	4410	4384	4186	3920	4714	0
4479	3817	4587	4417	4386	4184	3925	4713	0
4480	3818	4586	4425	4384	4183	3923	4711	0
4474	3817	4577	4418	4382	4185	3912	4710	0
4470	3816	4575	4412	4380	4184	3906	4714	0
4470	3816	4574	4415	4381	4184	3908	4716	0
4473	3816	4576	4418	4383	4184	3909	4714	0
4474	3817	4582	4417	4382	4184	3910	4715	0
4473	3817	4577	4418	4383	4184	3912	4718	0
4472	3816	4570	4420	4383	4184	3911	4716	0
4473	3816	4569	4415	4382	4184	3909	4714	0
4473	3816	4572	4412	4382	4184	3909	4716	0
4472	3816	4579	4416	4382	4183	3909	4716	0
4473	3817	4587	4423	4380	4182	3909	4715	0
4475	3818	4586	4421	4380	4184	3910	4717	0
4475	3817	4584	4420	4381	4185	3912	4717	0
4475	3818	4586	4421	4382	4184	3914	4711	0
4478	3820	4587	4421	4386	4185	3914	4712	0
4477	3817	4580	4420	4385	4186	3910	4717	0
4474	3816	4576	4420	4381	4186	3908	4718	0
4472	3816	4583	4422	4379	4185	3909	4715	0
4475	3816	4580	4424	4379	4184	3904	4713	0
4474	3816	4569	4420	4380	4184	3899	4714	0
4463	3816	4567	4413	4376	4184	3898	4715	0
4461	3816	4571	4414	4375	4184	3899	4713	0
4471	3816	4570	4420	4380	4184	3904	4711	0
4476	3816	4571	4422	4382	4184	3910	4716	0
4473	3815	4578	4424	4378	4183	3910	4717	0
4474	3816	4586	4426	4379	4184	3910	4713	0
4483	3817	4590	4429	4386	4186	3914	4711	0
4487	3817	4588	4428	4387	4185	3914	4710	0
4478	3817	4586	4424	4382	4184	3912	4711	0
4471	3817	4583	4423	4378	4185	3912	4713	0
4475	3817	4576	4422	4381	4185	3910	4715	0
4474	3816	4570	4413	4382	4183	3909	4718	0
4470	3816	4570	4413	4378	4181	3908	4716	0
4470	3816	4574	4424	4380	4181	3903	4712	0
4469	3816	4573	4423	4382	4183	3902	4713	0
4466	3816	4570	4412	4378	4185	3902	4711	0
4461	3815	4569	4412	4374	4183	3895	4705	0
4458	3814	4567	4414	4375	4182	3895	4710	0
4466	3816	4568	4412	4377	4186	3907	4714	0
4476	3817	4577	4417	4380	4187	3914	4713	0
4477	3817	4583	4422	4384	4185	3912	4712	0
4474	3817	4583	4417	4385	4183	3911	4713	0
4474	3816	4582	4412	4381	4184	3908	4713	0
4467	3814	4573	4412	4373	4182	3900	4714	0
4462	3814	4569	4411	4371	4181	3897	4712	0
4467	3816	4577	4414	4377	4182	3903	4709	0
4472	3817	4578	4421	4380	4184	3903	4710	0
4472	3817	4568	4421	4376	4185	3902	4711	0
4471	3816	4570	4414	4377	4184	3905	4713	0
4471	3816	4574	4413	4382	4183	3907	4712	0
4473	3816	4570	4415	4381	4182	3906	4711	0
4470	3816	4568	4414	4377	4183	3903	4715	0
4463	3816	4568	4409	4377	4185	3900	4717	0
4467	3817	4565	4409	4382	4184	3905	4716	0
4474	3818	4572	4414	4383	4184	3911	4717	0
4473	3818	4582	4415	4380	4185	3909	4716	0
4471	3817	4580	4414	4382	4184	3907	4714	0
4474	3817	4578	4414	4385	4183	3911	4717	0
4475	3817	4585	4413	4383	4182	3913	4717	0
4475	3817	4586	4416	4382	4181	3912	4711	0
4477	3816	4583	4420	4382	4183	3910	4710	0
4472	3818	4583	4418	4379	4185	3911	4716	0
4466	3820	4574	4413	4378	4184	3910	4718	0
4462	3818	4567	4412	4377	4179	3903	4714	0
4460	3817	4570	4413	4373	4176	3897	4715	0
4457	3817	4568	4412	4376	4181	3900	4716	0
4458	3817	4565	4410	4381	4184	3901	4716	0
4465	3818	4568	4410	4377	4183	3902	4715	0
4472	3818	4573	4413	4379	4183	3909	4715	0
4474	3818	4570	4416	4385	4183	3913	4715	0
4471	3816	4568	4414	4382	4182	3907	4715	0
4470	3815	4576	4411	4380	4184	3906	4715	0
4475	3822	4588	4418	4385	4184	3916	4715	0
4481	3829	4588	4425	4382	4182	3922	4715	0
4475	3824	4586	4421	4378	4183	3916	4715	0
4463	3814	4586	4413	4380	4183	3910	4715	0
4456	3815	4575	4413	4376	4183	3904	4715	0
4458	3818	4567	4413	4374	4183	3900	4714	0
4466	3817	4573	4411	4380	4183	3906	4717	0
4465	3815	4573	4412	4377	4183	3910	4715	0
4462	3817	4570	4414	4375	4185	3906	4710	0
4468	3818	4573	4412	4379	4185	3907	4711	0
4476	3815	4576	4413	4377	4184	3913	4714	0
4475	3823	4581	4422	4375	4183	3912	4714	0
4476	3829	4587	4426	4383	4183	3910	4713	0
4478	3822	4585	4420	4385	4184	3913	4714	0
4472	3820	4582	4417	4376	4185	3913	4714	0
4466	3823	4584	4418	4376	4184	3911	4713	0
4468	3817	4583	4413	4381	4183	3910	4715	0
4471	3815	4584	4411	4376	4184	3912	4716	0
4473	3819	4586	4415	4373	4185	3912	4715	0
4474	3817	4585	4415	4377	4182	3911	4717	0
4474	3817	4586	4413	4380	4182	3913	4715	0
4474	3819	4585	4412	4378	4185	3914	4711	0
4467	3818	4576	4412	4375	4184	3912	4710	0
4464	3818	4575	4413	4377	4184	3913	4711	0
4472	3817	4582	4414	4381	4185	3916	4709	0
4472	3817	4575	4407	4377	4183	3909	4711	0
4458	3816	4565	4403	4369	4182	3900	4712	0
4455	3815	4566	4406	4367	4184	3904	4710	0
4463	3816	4574	4407	4373	4185	3910	4711	0
4465	3818	4582	4407	4378	4182	3907	4716	0
4463	3817	4582	4408	4376	4182	3906	4717	0
4463	3816	4574	4405	4373	4183	3911	4716	0
4462	3816	4570	4401	4375	4182	3907	4716	0
4460	3815	4572	4405	4372	4182	3900	4713	0
4462	3816	4574	4410	4366	4184	3903	4710	0
4472	3817	4581	4410	4369	4184	3910	4711	0
4478	3818	4588	4413	4376	4183	3912	4710	0
4469	3817	4581	4411	4378	4183	3909	4710	0
4465	3815	4573	4410	4378	4184	3908	4712	0
4472	3815	4576	4411	4380	4182	3908	4712	0
4470	3815	4576	4409	4374	4181	3904	4710	0
4460	3815	4569	4403	4371	4183	3900	4710	0
4461	3816	4566	4405	4375	4184	3903	4714	0
4471	3816	4573	4413	4378	4184	3910	4716	0
4472	3815	4581	4413	4377	4183	3910	4712	0
4462	3815	4576	4404	4372	4182	3898	4708	0
4459	3816	4569	4399	4368	4182	3895	4712	0
4466	3816	4575	4405	4371	4182	3902	4717	0
4465	3815	4578	4407	4372	4182	3900	4713	0
4457	3812	4568	4401	4370	4182	3898	4713	0
4460	3814	4569	4398	4372	4183	3908	4717	0
4464	3817	4573	4399	4375	4185	3908	4716	0
4463	3817	4568	4395	4375	4184	3897	4711	0
4465	3814	4568	4394	4374	4183	3898	4713	0
4465	3814	4569	4396	4370	4181	3907	4713	0
4459	3815	4566	4395	4368	4183	3902	4711	0
4462	3817	4569	4396	4371	4186	3901	4713	0
4468	3817	4575	4400	4374	4186	3908	4716	0
4463	3815	4572	4398	4373	4185	3907	4717	0
4458	3815	4568	4396	4369	4183	3900	4717	0
4465	3815	4573	4400	4366	4182	3903	4716	0
4473	3816	4583	4404	4370	4182	3913	4713	0
4470	3816	4585	4402	4374	4183	3913	4713	0
4463	3816	4576	4398	4373	4183	3910	4716	0
4464	3815	4575	4398	4370	4182	3910	4712	0
4467	3815	4581	4399	4368	4182	3909	4711	0
4462	3815	4575	4397	4370	4182	3907	4717	0
4456	3814	4567	4397	4372	4183	3904	4718	0
4462	3815	4570	4398	4373	4183	3905	4713	0
4463	3816	4571	4398	4369	4182	3901	4713	0
4455	3815	4568	4398	4366	4182	3893	4716	0
4455	3815	4569	4396	4367	4180	3895	4717	0
4458	3814	4569	4393	4367	4178	3902	4715	0
4460	3814	4568	4394	4367	4183	3907	4715	0
4466	3816	4574	4399	4371	4186	3912	4716	0
4470	3816	4581	4399	4371	4184	3912	4716	0
4462	3814	4575	4396	4368	4180	3909	4715	0
4465	3816	4576	4396	4369	4182	3909	4718	0
4473	3816	4584	4396	4374	4182	3911	4716	0
4465	3814	4580	4392	4370	4172	3905	4710	0
4460	3815	4570	4392	4366	4171	3901	4711	0
4471	3816	4573	4394	4369	4183	3908	4714	0
4472	3816	4576	4398	4373	4186	3911	4712	0
4460	3814	4571	4393	4371	4182	3906	4714	0
4460	3815	4569	4388	4371	4183	3906	4718	0
4463	3816	4571	4391	4369	4184	3910	4716	0
4456	3814	4570	4388	4367	4180	3905	4715	0
4453	3812	4566	4382	4369	4183	3903	4717	0
4458	3814	4571	4388	4372	4185	3912	4715	0
4462	3817	4579	4393	4370	4184	3918	4715	0
4470	3818	4586	4389	4371	4183	3914	4716	0
4476	3816	4587	4389	4376	4178	3911	4715	0
4465	3814	4579	4386	4375	4175	3911	4715	0
4460	3815	4576	4381	4371	4180	3907	4716	0
4477	3818	4588	4385	4377	4185	3910	4713	0
4482	3816	4589	4388	4383	4185	3918	4711	0
4459	3814	4574	4380	4375	4179	3911	4710	0
4449	3816	4566	4378	4366	4177	3897	4709	0
4464	3816	4569	4385	4369	4179	3901	4713	0
4468	3813	4569	4381	4373	4175	3906	4715	0
4456	3813	4566	4375	4367	4174	3897	4714	0
4451	3816	4567	4377	4362	4179	3894	4714	0
4456	3810	4568	4380	4367	4180	3903	4713	0
4455	3801	4565	4375	4369	4178	3908	4710	0
4453	3800	4567	4372	4367	4184	3907	4710	0
4458	3802	4571	4377	4369	4182	3907	4711	0
4461	3804	4571	4379	4370	4179	3907	4713	0
4463	3804	4575	4380	4369	4185	3911	4717	0
4464	3803	4583	4381	4374	4181	3913	4717	0
4463	3800	4580	4381	4375	4174	3909	4716	0
4467	3804	4581	4383	4373	4179	3910	4714	0
4474	3814	4587	4384	4376	4184	3917	4711	0
4471	3815	4580	4382	4380	4182	3916	4710	0
4464	3805	4570	4380	4380	4182	3914	4711	0
4459	3798	4569	4379	4374	4181	3911	4709	0
4453	3801	4568	4381	4368	4172	3901	4711	0
4452	3804	4566	4383	4371	4174	3902	4716	0
4457	3806	4570	4376	4375	4185	3908	4717	0
4453	3809	4569	4365	4368	4183	3903	4716	0
4453	3813	4569	4372	4367	4178	3904	4715	0
4463	3817	4578	4385	4374	4183	3921	4717	0
4470	3814	4587	4385	4375	4185	3925	4717	0
4470	3814	4587	4381	4375	4183	3921	4716	0
4465	3819	4587	4383	4375	4184	3925	4717	0
4457	3809	4579	4382	4371	4180	3918	4717	0
4460	3801	4574	4380	4367	4173	3912	4714	0
4463	3811	4580	4382	4367	4169	3916	4714	0
4455	3820	4580	4379	4369	4170	3917	4715	0
4454	3815	4571	4374	4367	4180	3912	4714	0
4454	3805	4564	4374	4364	4179	3907	4714	0
4445	3801	4560	4373	4365	4171	3903	4716	0
4447	3805	4565	4373	4367	4175	3904	4712	0
4457	3808	4569	4377	4365	4178	3908	4709	0
4450	3801	4564	4373	4364	4169	3901	4715	0
4440	3798	4560	4360	4364	4169	3894	4717	0
4444	3803	4561	4351	4361	4171	3893	4711	0
4450	3807	4562	4349	4362	4169	3892	4712	0
4454	3812	4569	4351	4365	4179	3899	4715	0
4457	3810	4573	4348	4366	4183	3909	4713	0
4456	3807	4569	4346	4366	4172	3908	4713	0
4457	3815	4570	4348	4368	4168	3907	4714	0
4456	3816	4571	4348	4366	4173	3909	4713	0
4454	3805	4568	4342	4364	4182	3906	4710	0
4457	3807	4573	4342	4368	4185	3908	4710	0
4461	3817	4583	4349	4372	4183	3917	4710	0
4461	3817	4584	4347	4370	4183	3917	4712	0
4460	3814	4580	4345	4370	4185	3912	4711	0
4459	3813	4580	4348	4373	4183	3910	4710	0
4456	3812	4575	4347	4370	4185	3911	4710	0
4455	3814	4567	4342	4364	4183	3906	4713	0
4451	3812	4566	4341	4363	4171	3897	4716	0
4446	3805	4569	4339	4366	4169	3900	4713	0
4450	3806	4575	4334	4367	4179	3908	4709	0
4460	3810	4582	4335	4368	4183	3911	4712	0
4465	3812	4585	4340	4371	4183	3912	4713	0
4464	3813	4586	4342	4372	4181	3915	4711	0
4462	3815	4586	4343	4368	4175	3911	4711	0
4459	3814	4582	4344	4363	4177	3907	4711	0
4462	3814	4582	4344	4367	4185	3912	4710	0
4466	3815	4584	4343	4374	4184	3913	4711	0
4464	3814	4578	4343	4373	4182	3911	4711	0
4459	3815	4572	4343	4370	4184	3911	4711	0
4456	3813	4571	4340	4369	4182	3909	4711	0
4456	3806	4570	4338	4368	4178	3904	4711	0
4458	3805	4567	4336	4369	4182	3904	4711	0
4461	3815	4568	4334	4372	4186	3908	4711	0
4454	3812	4569	4333	4368	4177	3905	4711	0
4451	3798	4567	4333	4364	4165	3895	4711	0
4460	3801	4569	4334	4368	4172	3894	4711	0
4465	3811	4577	4336	4371	4186	3903	4711	0
4457	3811	4585	4338	4370	4183	3908	4711	0
4462	3811	4585	4338	4372	4177	3911	4711	0
4473	3816	4586	4343	4376	4179	3913	4711	0
4468	3814	4587	4349	4375	4178	3914	4711	0
4458	3807	4582	4345	4371	4180	3911	4711	0
4461	3809	4580	4342	4369	4184	3909	4711	0
4464	3815	4583	4349	4369	4184	3910	4709	0
4461	3816	4577	4353	4371	4184	3909	4708	0
4460	3812	4569	4349	4372	4184	3901	4709	0
4461	3810	4569	4349	4371	4183	3897	4711	0
4458	3807	4568	4351	4373	4184	3902	4713	0
4458	3803	4566	4349	4374	4185	3901	4710	0
4461	3805	4573	4352	4368	4182	3898	4712	0
4458	3809	4575	4350	4362	4181	3895	4714	0
4456	3810	4574	4349	4367	4184	3897	4711	0
4467	3813	4581	4357	4376	4185	3907	4711	0
4473	3817	4587	4363	4373	4183	3911	4714	0
4467	3815	4584	4362	4371	4182	3909	4714	0
4465	3814	4582	4362	4376	4184	3911	4713	0
4467	3816	4580	4361	4378	4186	3913	4713	0
4460	3815	4573	4355	4371	4184	3907	4710	0
4456	3815	4570	4355	4366	4182	3904	4711	0
4460	3816	4571	4358	4368	4183	3908	4712	0
4458	3814	4570	4357	4369	4184	3906	4710	0
4458	3812	4571	4356	4370	4182	3905	4712	0
4461	3813	4571	4357	4372	4182	3908	4712	0
4462	3815	4569	4357	4372	4183	3906	4711	0
4464	3815	4572	4359	4371	4182	3907	4711	0
4462	3815	4577	4359	4368	4181	3909	4711	0
4455	3815	4572	4355	4367	4181	3903	4711	0
4455	3816	4568	4358	4371	4183	3900	4710	0
4461	3815	4572	4363	4372	4183	3909	4710	0
4460	3809	4572	4360	4368	4182	3911	4711	0
4454	3808	4566	4355	4368	4181	3903	4710	0
