4359	4164	4410	4049	4482	4520	4808	4229	0
4347	4162	4404	4050	4473	4522	4798	4228	0
4344	4163	4401	4053	4472	4524	4797	4232	0
4352	4164	4404	4053	4477	4522	4804	4231	0
4350	4162	4406	4050	4476	4520	4800	4229	0
4341	4165	4406	4053	4470	4523	4797	4229	0
4347	4159	4407	4049	4477	4522	4805	4230	0
4357	4163	4411	4050	4487	4521	4811	4231	0
4355	4172	4414	4057	4481	4523	4806	4232	0
4355	4150	4416	4037	4481	4521	4806	4232	0
4361	4151	4416	4038	4492	4520	4817	4232	0
4363	4195	4417	4080	4485	4518	4815	4232	0
4360	4195	4415	4081	4472	4518	4802	4233	0
4358	4151	4411	4041	4474	4521	4802	4231	0
4355	4147	4409	4035	4481	4521	4808	4228	0
4350	4168	4410	4053	4483	4521	4807	4230	0
4352	4162	4412	4047	4490	4521	4805	4235	0
4360	4159	4414	4046	4493	4521	4811	4233	0
4364	4164	4419	4052	4492	4521	4817	4230	0
4361	4160	4422	4047	4489	4521	4814	4232	0
4362	4164	4422	4050	4488	4520	4809	4233	0
4361	4164	4422	4053	4486	4516	4807	4231	0
4349	4161	4418	4053	4475	4519	4805	4230	0
4344	4162	4416	4050	4469	4521	4804	4232	0
4352	4162	4418	4049	4478	4517	4809	4232	0
4361	4162	4421	4052	4491	4518	4815	4232	0
4365	4162	4423	4053	4496	4523	4818	4232	0
4362	4162	4421	4052	4494	4521	4817	4231	0
4358	4162	4420	4051	4491	4519	4820	4231	0
4362	4164	4424	4050	4494	4522	4823	4231	0
4362	4168	4422	4052	4490	4521	4817	4233	0
4344	4167	4412	4049	4476	4518	4810	4234	0
4337	4164	4413	4044	4473	4522	4812	4230	0
4350	4164	4420	4052	4478	4524	4817	4231	0
4346	4161	4411	4054	4472	4518	4807	4233	0
4340	4163	4402	4050	4469	4520	4800	4232	0
4351	4166	4410	4053	4477	4524	4801	4232	0
4355	4162	4416	4051	4479	4519	4800	4231	0
4348	4164	4411	4048	4474	4518	4796	4230	0
4351	4164	4412	4048	4482	4522	4796	4230	0
4356	4161	4420	4050	4488	4523	4799	4231	0
4354	4163	4422	4052	4481	4522	4801	4231	0
4354	4162	4419	4050	4473	4521	4801	4230	0
4348	4162	4419	4051	4475	4522	4799	4229	0
4339	4163	4417	4051	4473	4522	4794	4229	0
4346	4163	4415	4049	4472	4520	4795	4233	0
4355	4162	4418	4050	4479	4520	4802	4234	0
4343	4164	4411	4049	4474	4519	4796	4232	0
4329	4167	4398	4048	4460	4520	4787	4231	0
4336	4163	4401	4048	4458	4521	4788	4232	0
4337	4161	4403	4050	4462	4522	4786	4231	0
4327	4165	4395	4054	4460	4522	4786	4230	0
4327	4165	4396	4051	4459	4521	4792	4232	0
4335	4164	4406	4049	4466	4520	4790	4231	0
4332	4164	4405	4051	4462	4521	4784	4228	0
4330	4163	4400	4050	4458	4522	4785	4229	0
4336	4164	4405	4050	4465	4521	4790	4231	0
4337	4163	4408	4050	4466	4520	4789	4229	0
4332	4162	4407	4051	4464	4521	4788	4228	0
4335	4164	4407	4050	4470	4523	4791	4231	0
4342	4162	4410	4048	4477	4522	4796	4232	0
4341	4162	4408	4051	4475	4520	4798	4230	0
4336	4162	4404	4052	4470	4520	4792	4229	0
4335	4163	4406	4050	4463	4521	4793	4231	0
4329	4164	4407	4052	4457	4521	4798	4231	0
4325	4163	4401	4052	4458	4520	4793	4231	0
4331	4165	4396	4051	4459	4520	4787	4232	0
4329	4164	4395	4049	4457	4521	4785	4230	0
4325	4161	4395	4049	4455	4523	4785	4228	0
4331	4162	4396	4052	4456	4521	4788	4228	0
4337	4165	4396	4050	4461	4519	4790	4229	0
4335	4166	4395	4047	4462	4521	4790	4231	0
4331	4162	4391	4049	4454	4524	4784	4233	0
4337	4162	4393	4052	4457	4522	4781	4231	0
4345	4168	4400	4052	4469	4521	4789	4231	0
4338	4164	4398	4048	4467	4522	4791	4233	0
4332	4158	4394	4050	4460	4522	4784	4232	0
4343	4162	4403	4054	4469	4521	4786	4231	0
4348	4165	4409	4051	4476	4520	4792	4230	0
4341	4165	4402	4050	4470	4523	4791	4230	0
4345	4163	4398	4049	4470	4522	4785	4233	0
4353	4165	4404	4048	4475	4521	4785	4233	0
4356	4166	4407	4049	4475	4521	4793	4230	0
4358	4160	4407	4051	4479	4522	4800	4229	0
4357	4161	4410	4054	4481	4522	4802	4231	0
4358	4163	4411	4051	4477	4522	4800	4230	0
4361	4165	4407	4051	4473	4521	4797	4230	0
4362	4165	4407	4053	4476	4520	4800	4232	0
4366	4161	4412	4050	4480	4520	4803	4232	0
4364	4164	4413	4050	4478	4523	4800	4229	0
4356	4167	4412	4051	4474	4522	4792	4229	0
4357	4164	4415	4050	4477	4518	4795	4231	0
4359	4162	4415	4052	4475	4521	4798	4232	0
4347	4163	4406	4051	4462	4523	4790	4231	0
4341	4165	4397	4051	4456	4521	4782	4229	0
4357	4166	4408	4051	4471	4522	4793	4231	0
4379	4163	4428	4049	4491	4523	4808	4233	0
4377	4163	4429	4051	4495	4521	4811	4231	0
4363	4163	4417	4052	4491	4520	4805	4227	0
4365	4162	4414	4052	4487	4521	4802	4229	0
4364	4162	4411	4051	4482	4520	4799	4230	0
4348	4163	4401	4051	4474	4521	4790	4228	0
4344	4164	4396	4051	4467	4523	4783	4228	0
4344	4165	4394	4050	4459	4523	4779	4230	0
4334	4164	4389	4050	4453	4523	4775	4229	0
4339	4163	4389	4053	4456	4523	4775	4230	0
4344	4163	4388	4052	4460	4521	4773	4232	0
4330	4166	4384	4052	4457	4520	4773	4233	0
4331	4165	4386	4051	4457	4522	4777	4232	0
4350	4162	4394	4050	4461	4522	4782	4230	0
4353	4164	4397	4051	4463	4523	4782	4230	0
4340	4165	4392	4050	4459	4522	4775	4231	0
4345	4164	4394	4050	4457	4521	4773	4230	0
4354	4161	4398	4050	4460	4522	4770	4230	0
4342	4162	4395	4049	4458	4522	4763	4232	0
4335	4167	4391	4052	4454	4519	4764	4234	0
4349	4164	4397	4051	4461	4519	4770	4231	0
4357	4162	4407	4052	4474	4525	4773	4228	0
4351	4165	4409	4052	4471	4524	4771	4231	0
4349	4164	4404	4051	4465	4518	4769	4233	0
4358	4162	4406	4054	4469	4520	4766	4231	0
4363	4161	4409	4054	4478	4522	4758	4229	0
4360	4162	4406	4052	4485	4522	4752	4229	0
4364	4162	4407	4052	4493	4522	4756	4228	0
4371	4161	4413	4051	4495	4521	4761	4229	0
4357	4163	4410	4050	4476	4521	4754	4231	0
4346	4163	4406	4051	4462	4521	4747	4229	0
4362	4163	4414	4052	4467	4522	4750	4228	0
4367	4164	4414	4053	4474	4521	4753	4231	0
4360	4162	4405	4051	4481	4521	4749	4231	0
4368	4162	4411	4051	4490	4521	4755	4229	0
4377	4163	4427	4051	4495	4520	4768	4229	0
4376	4163	4430	4050	4490	4519	4765	4231	0
4376	4163	4424	4052	4489	4519	4763	4232	0
4380	4164	4422	4052	4492	4518	4767	4232	0
4385	4165	4423	4051	4502	4519	4766	4229	0
4385	4164	4416	4050	4509	4522	4766	4230	0
4374	4164	4405	4051	4491	4522	4760	4231	0
4380	4165	4407	4054	4484	4520	4758	4231	0
4392	4163	4415	4050	4504	4520	4764	4230	0
4374	4165	4408	4048	4496	4522	4762	4230	0
4365	4165	4406	4049	4471	4523	4760	4232	0
4390	4163	4424	4050	4484	4523	4770	4234	0
4406	4164	4436	4052	4512	4523	4781	4231	0
4404	4163	4436	4052	4517	4522	4781	4226	0
4407	4162	4436	4051	4517	4522	4780	4228	0
4408	4163	4434	4051	4523	4524	4781	4234	0
4401	4161	4432	4051	4518	4521	4782	4232	0
4402	4163	4436	4053	4517	4518	4784	4230	0
4402	4164	4435	4049	4515	4520	4781	4231	0
4398	4159	4430	4045	4514	4522	4773	4230	0
4394	4162	4428	4051	4510	4521	4768	4228	0
4384	4163	4423	4050	4496	4518	4756	4229	0
4378	4161	4417	4048	4494	4520	4748	4231	0
4387	4164	4421	4051	4502	4522	4751	4232	0
4390	4164	4426	4047	4495	4520	4751	4230	0
4378	4163	4425	4050	4482	4522	4745	4229	0
4381	4157	4423	4049	4493	4523	4744	4229	0
4395	4159	4428	4046	4507	4522	4747	4230	0
4393	4166	4433	4051	4502	4520	4749	4230	0
4386	4159	4434	4048	4503	4520	4746	4229	0
4393	4161	4430	4052	4509	4522	4749	4230	0
4392	4164	4426	4056	4500	4521	4749	4230	0
4381	4160	4423	4049	4484	4521	4744	4229	0
4382	4167	4421	4053	4487	4522	4747	4230	0
4385	4167	4416	4053	4493	4520	4752	4231	0
4376	4166	4413	4052	4485	4521	4755	4230	0
4374	4168	4413	4053	4487	4523	4758	4230	0
4383	4163	4414	4051	4496	4522	4761	4230	0
4389	4165	4416	4056	4497	4522	4765	4230	0
4392	4165	4418	4053	4496	4522	4763	4230	0
4393	4165	4415	4052	4494	4521	4762	4231	0
4387	4166	4409	4057	4490	4522	4763	4231	0
4386	4160	4409	4049	4495	4523	4761	4228	0
4392	4165	4410	4050	4504	4524	4764	4230	0
4388	4166	4406	4053	4494	4521	4762	4230	0
4381	4163	4407	4051	4480	4521	4758	4228	0
4392	4167	4415	4055	4496	4523	4769	4231	0
4402	4167	4420	4052	4508	4521	4774	4230	0
4396	4169	4417	4055	4493	4521	4768	4230	0
4394	4166	4417	4056	4492	4522	4767	4232	0
4400	4160	4421	4052	4507	4521	4771	4232	0
4407	4165	4429	4054	4511	4521	4776	4231	0
4410	4164	4437	4052	4505	4518	4778	4231	0
4405	4165	4432	4052	4504	4521	4775	4233	0
4409	4165	4429	4053	4512	4522	4779	4231	0
4420	4163	4431	4051	4523	4518	4783	4229	0
4405	4167	4424	4055	4509	4519	4776	4231	0
4392	4165	4419	4050	4500	4518	4773	4229	0
4407	4163	4425	4051	4520	4519	4784	4228	0
4404	4165	4418	4055	4509	4520	4778	4231	0
4385	4164	4410	4048	4482	4520	4764	4231	0
4390	4167	4419	4054	4493	4523	4774	4229	0
4408	4163	4426	4055	4514	4523	4782	4228	0
4421	4162	4429	4050	4520	4520	4778	4230	0
4421	4166	4435	4054	4521	4521	4785	4232	0
4410	4161	4434	4049	4513	4521	4787	4231	0
4411	4166	4430	4053	4512	4520	4789	4232	0
4418	4167	4432	4053	4524	4520	4791	4233	0
4418	4165	4430	4051	4524	4521	4792	4231	0
4418	4168	4432	4057	4519	4522	4795	4230	0
4418	4160	4434	4051	4522	4521	4794	4229	0
4416	4166	4431	4053	4521	4521	4794	4231	0
4421	4170	4431	4056	4522	4520	4797	4232	0
4417	4162	4430	4050	4521	4520	4793	4231	0
4412	4167	4426	4056	4518	4521	4793	4231	0
4426	4163	4436	4052	4528	4520	4802	4231	0
4433	4163	4453	4052	4542	4521	4813	4232	0
4425	4166	4453	4057	4541	4521	4816	4233	0
4418	4161	4445	4050	4525	4522	4812	4232	0
4420	4168	4442	4056	4522	4525	4816	4232	0
4422	4166	4442	4053	4536	4523	4815	4231	0
4415	4163	4436	4054	4529	4520	4805	4230	0
4410	4170	4433	4063	4516	4521	4806	4232	0
4426	4166	4441	4055	4536	4519	4813	4232	0
4430	4168	4445	4057	4542	4518	4816	4231	0
4404	4164	4435	4055	4522	4520	4812	4230	0
4400	4162	4433	4053	4528	4522	4814	4232	0
4412	4169	4438	4060	4532	4522	4816	4234	0
4401	4161	4434	4053	4517	4519	4814	4232	0
4397	4166	4437	4056	4528	4520	4824	4232	0
4415	4169	4447	4058	4548	4520	4826	4232	0
4413	4163	4442	4054	4535	4519	4816	4230	0
4402	4170	4435	4061	4522	4520	4816	4231	0
4406	4167	4440	4055	4530	4521	4817	4230	0
4398	4167	4436	4057	4517	4523	4810	4231	0
4377	4168	4424	4060	4492	4521	4801	4231	0
4371	4164	4420	4053	4495	4519	4798	4229	0
4377	4169	4423	4060	4514	4521	4803	4231	0
4372	4164	4419	4058	4507	4520	4795	4233	0
4367	4166	4419	4057	4484	4520	4789	4232	0
4371	4169	4428	4062	4488	4520	4795	4231	0
4380	4163	4433	4055	4508	4518	4798	4230	0
4393	4168	4437	4058	4515	4522	4801	4232	0
4392	4167	4436	4058	4508	4521	4795	4232	0
4371	4165	4429	4056	4503	4520	4791	4231	0
4374	4168	4431	4058	4512	4521	4794	4229	0
4395	4165	4437	4053	4529	4522	4792	4228	0
4380	4169	4426	4058	4514	4524	4780	4231	0
4344	4168	4407	4057	4481	4522	4767	4229	0
4359	4165	4417	4053	4495	4521	4777	4226	0
4390	4168	4437	4057	4528	4522	4793	4229	0
4376	4165	4431	4054	4518	4522	4787	4229	0
4368	4169	4424	4058	4507	4521	4786	4229	0
4396	4170	4440	4057	4525	4519	4798	4228	0
4405	4168	4453	4055	4536	4520	4801	4230	0
4390	4173	4445	4062	4535	4523	4796	4231	0
4392	4167	4444	4055	4542	4520	4795	4229	0
4409	4167	4460	4053	4554	4520	4803	4230	0
4413	4169	4470	4059	4561	4523	4806	4230	0
4401	4165	4466	4057	4554	4521	4799	4229	0
4396	4168	4465	4054	4549	4519	4805	4231	0
4404	4168	4468	4053	4561	4520	4810	4231	0
4400	4170	4462	4062	4555	4523	4804	4230	0
4391	4169	4452	4064	4541	4521	4798	4230	0
4401	4168	4452	4057	4556	4519	4799	4231	0
4403	4172	4453	4063	4567	4525	4800	4234	0
4388	4169	4444	4061	4541	4524	4788	4230	0
4377	4169	4436	4057	4504	4520	4778	4226	0
4373	4172	4437	4063	4489	4522	4778	4231	0
4377	4169	4444	4062	4500	4524	4784	4233	0
4385	4168	4453	4061	4509	4522	4794	4232	0
4388	4169	4457	4057	4506	4520	4796	4229	0
4393	4171	4464	4061	4515	4522	4798	4228	0
4394	4172	4467	4064	4525	4522	4804	4230	0
4383	4166	4461	4058	4510	4519	4795	4231	0
4384	4168	4454	4061	4502	4522	4789	4232	0
4389	4169	4452	4060	4510	4522	4787	4230	0
4384	4171	4450	4059	4510	4522	4788	4229	0
4396	4173	4455	4064	4524	4524	4801	4231	0
4415	4166	4468	4056	4546	4523	4811	4231	0
4405	4172	4468	4057	4536	4522	4811	4228	0
4390	4172	4460	4062	4520	4521	4804	4229	0
4394	4165	4462	4062	4528	4522	4797	4233	0
4411	4169	4472	4063	4540	4523	4801	4232	0
4413	4166	4478	4053	4540	4519	4800	4227	0
4399	4168	4473	4057	4531	4518	4798	4229	0
4393	4171	4467	4066	4529	4521	4802	4232	0
4398	4168	4466	4058	4535	4521	4798	4231	0
4395	4171	4465	4058	4533	4520	4794	4231	0
4382	4169	4458	4058	4520	4518	4788	4229	0
4380	4165	4456	4060	4520	4519	4784	4229	0
4394	4169	4463	4062	4533	4522	4786	4232	0
4398	4168	4463	4056	4536	4522	4781	4232	0
4395	4169	4460	4058	4535	4520	4780	4232	0
4391	4171	4458	4060	4536	4520	4776	4230	0
4390	4172	4456	4061	4537	4523	4767	4229	0
4388	4170	4456	4064	4530	4522	4760	4230	0
4383	4166	4455	4060	4521	4519	4752	4230	0
4381	4171	4453	4061	4524	4522	4751	4231	0
4381	4170	4454	4060	4526	4523	4748	4232	0
4381	4168	4456	4060	4526	4522	4749	4232	0
4378	4173	4453	4064	4534	4521	4756	4230	0
4379	4168	4449	4059	4540	4522	4760	4230	0
4386	4168	4453	4058	4537	4524	4767	4231	0
4394	4170	4458	4061	4545	4522	4778	4230	0
4404	4168	4464	4061	4559	4521	4786	4229	0
4408	4169	4465	4063	4556	4522	4786	4230	0
4402	4170	4460	4058	4546	4523	4784	4232	0
4397	4174	4459	4064	4549	4523	4795	4235	0
4409	4169	4470	4065	4564	4520	4802	4233	0
4413	4167	4477	4058	4568	4521	4800	4230	0
4407	4173	4473	4063	4567	4523	4806	4231	0
4413	4168	4472	4061	4572	4522	4805	4230	0
4412	4170	4470	4061	4563	4522	4784	4231	0
4394	4173	4463	4063	4541	4521	4770	4232	0
4383	4167	4455	4059	4532	4522	4777	4230	0
4384	4169	4448	4061	4534	4521	4782	4231	0
4382	4170	4446	4061	4534	4521	4777	4232	0
4381	4169	4452	4059	4534	4523	4780	4230	0
4393	4167	4460	4058	4544	4522	4784	4231	0
4413	4168	4469	4061	4553	4520	4788	4233	0
4426	4172	4480	4064	4554	4520	4796	4231	0
4415	4167	4478	4058	4555	4520	4795	4229	0
4395	4170	4465	4061	4553	4522	4789	4232	0
4400	4173	4457	4063	4531	4522	4783	4233	0
4422	4167	4463	4058	4527	4520	4782	4231	0
4433	4166	4473	4062	4552	4519	4792	4231	0
4435	4170	4479	4063	4559	4520	4794	4233	0
4442	4171	4482	4063	4549	4520	4791	4233	0
4444	4168	4475	4062	4550	4520	4790	4231	0
4441	4169	4468	4061	4554	4524	4792	4232	0
4443	4172	4470	4063	4555	4524	4794	4234	0
4447	4169	4470	4062	4556	4520	4785	4232	0
4448	4170	4463	4062	4550	4522	4774	4233	0
4448	4170	4463	4060	4547	4518	4773	4233	0
4438	4167	4459	4058	4535	4519	4765	4230	0
4418	4168	4440	4064	4508	4525	4742	4229	0
4412	4167	4434	4059	4502	4522	4732	4229	0
4430	4170	4451	4060	4520	4522	4749	4229	0
4442	4170	4458	4064	4526	4522	4752	4230	0
4433	4168	4446	4058	4525	4519	4734	4231	0
4427	4175	4437	4062	4525	4522	4722	4231	0
4428	4170	4433	4063	4511	4522	4703	4228	0
4430	4167	4431	4060	4508	4519	4685	4229	0
4435	4172	4436	4061	4519	4521	4680	4230	0
4437	4165	4436	4056	4513	4523	4672	4228	0
4443	4168	4436	4063	4512	4523	4672	4231	0
4454	4173	4440	4064	4522	4519	4669	4231	0
4453	4169	4434	4057	4512	4522	4649	4228	0
4445	4172	4424	4061	4499	4524	4642	4230	0
4445	4168	4423	4060	4508	4520	4653	4231	0
4446	4167	4421	4061	4507	4520	4662	4230	0
4443	4169	4414	4061	4490	4520	4666	4229	0
4447	4167	4418	4058	4496	4521	4684	4225	0
4454	4168	4423	4064	4511	4522	4706	4228	0
4459	4166	4420	4063	4508	4520	4702	4232	0
4457	4166	4417	4059	4502	4518	4687	4230	0
4459	4169	4417	4061	4502	4519	4684	4230	0
4463	4166	4416	4056	4502	4521	4676	4232	0
4455	4168	4414	4056	4495	4523	4665	4231	0
4456	4170	4415	4060	4491	4522	4664	4228	0
4477	4168	4423	4064	4499	4522	4671	4229	0
4478	4169	4423	4066	4505	4522	4670	4230	0
4457	4167	4413	4058	4495	4518	4669	4228	0
4457	4170	4412	4060	4489	4517	4677	4228	0
4467	4169	4415	4064	4491	4518	4680	4228	0
4459	4164	4408	4059	4486	4521	4669	4228	0
4459	4169	4406	4060	4480	4524	4672	4229	0
4465	4172	4408	4060	4486	4524	4684	4229	0
4460	4170	4401	4058	4488	4524	4683	4227	0
4468	4168	4407	4060	4486	4523	4682	4227	0
4481	4166	4420	4059	4492	4521	4692	4229	0
4469	4168	4409	4060	4491	4522	4693	4229	0
4452	4165	4393	4060	4474	4522	4677	4228	0
4466	4167	4403	4061	4476	4523	4682	4228	0
4485	4173	4420	4062	4494	4522	4701	4229	0
4481	4168	4417	4057	4490	4521	4702	4226	0
4460	4169	4398	4064	4470	4521	4696	4227	0
4448	4168	4390	4064	4463	4523	4698	4229	0
4465	4165	4407	4057	4476	4523	4711	4228	0
4474	4171	4413	4062	4482	4521	4723	4229	0
4457	4170	4395	4063	4468	4518	4713	4228	0
4454	4170	4393	4063	4467	4520	4710	4227	0
4465	4169	4403	4062	4478	4521	4716	4226	0
4457	4166	4392	4061	4468	4519	4707	4226	0
4444	4171	4378	4065	4447	4519	4701	4229	0
4433	4170	4373	4062	4448	4520	4703	4231	0
4417	4165	4359	4059	4446	4521	4693	4228	0
4412	4166	4351	4062	4431	4521	4682	4225	0
4422	4168	4358	4060	4437	4521	4685	4227	0
4413	4172	4354	4063	4438	4523	4683	4229	0
4384	4167	4334	4064	4413	4521	4668	4226	0
4373	4166	4328	4061	4397	4521	4662	4227	0
4382	4172	4336	4061	4407	4521	4667	4228	0
4378	4169	4330	4058	4405	4520	4662	4227	0
4355	4169	4310	4061	4384	4522	4650	4229	0
4346	4171	4308	4063	4375	4522	4647	4228	0
4361	4169	4320	4059	4387	4521	4654	4227	0
4366	4170	4318	4058	4397	4522	4660	4228	0
4346	4168	4301	4055	4380	4523	4652	4228	0
4338	4170	4296	4061	4363	4521	4654	4228	0
4360	4171	4314	4062	4383	4520	4668	4230	0
4374	4168	4323	4058	4406	4523	4674	4230	0
4357	4171	4302	4062	4381	4523	4661	4228	0
4326	4167	4277	4055	4342	4522	4642	4226	0
4317	4170	4278	4057	4345	4522	4644	4227	0
4331	4172	4291	4064	4364	4522	4653	4228	0
4322	4166	4278	4055	4347	4521	4643	4228	0
4292	4169	4248	4058	4313	4521	4626	4228	0
4289	4169	4240	4062	4310	4522	4623	4227	0
4295	4169	4246	4059	4315	4524	4628	4227	0
4266	4171	4222	4057	4288	4521	4612	4228	0
4238	4168	4193	4056	4260	4518	4589	4226	0
4240	4171	4191	4062	4257	4521	4589	4228	0
4235	4171	4185	4063	4257	4521	4587	4229	0
4217	4169	4165	4059	4242	4520	4574	4229	0
4206	4171	4153	4059	4222	4522	4567	4231	0
4188	4170	4140	4056	4204	4520	4558	4228	0
4171	4170	4123	4057	4195	4520	4547	4226	0
4175	4169	4126	4061	4198	4520	4544	4227	0
4193	4171	4142	4062	4207	4520	4551	4228	0
4194	4171	4143	4055	4218	4521	4558	4228	0
4189	4167	4140	4052	4223	4520	4556	4226	0
4197	4169	4148	4062	4220	4519	4556	4227	0
4200	4170	4153	4062	4217	4522	4557	4227	0
4184	4172	4142	4058	4205	4524	4547	4227	0
4173	4172	4132	4058	4195	4522	4542	4228	0
4182	4168	4138	4056	4207	4520	4551	4228	0
4193	4170	4149	4058	4225	4521	4560	4230	0
4202	4168	4156	4055	4234	4521	4563	4228	0
4212	4167	4163	4054	4241	4518	4569	4226	0
4210	4170	4168	4061	4243	4520	4577	4227	0
4194	4167	4158	4059	4233	4525	4571	4228	0
4193	4169	4150	4058	4223	4524	4566	4228	0
4213	4170	4162	4057	4228	4517	4574	4226	0
4230	4168	4178	4055	4246	4517	4582	4225	0
4235	4173	4182	4059	4253	4524	4584	4228	0
4236	4172	4183	4060	4249	4523	4587	4229	0
4234	4170	4187	4062	4251	4520	4593	4225	0
4235	4171	4187	4058	4261	4521	4593	4226	0
4244	4168	4187	4051	4268	4520	4590	4227	0
4247	4169	4188	4061	4265	4521	4593	4228	0
4249	4168	4192	4062	4265	4524	4593	4229	0
4254	4166	4198	4055	4270	4523	4593	4227	0
4250	4171	4195	4060	4262	4522	4596	4227	0
4239	4168	4188	4058	4254	4521	4593	4228	0
4244	4169	4195	4058	4270	4522	4599	4227	0
4265	4169	4214	4061	4290	4524	4612	4225	0
4272	4167	4221	4056	4289	4523	4608	4225	0
4264	4170	4220	4057	4281	4519	4606	4229	0
4263	4169	4221	4057	4282	4521	4610	4229	0
4261	4170	4217	4060	4279	4525	4610	4227	0
4265	4170	4221	4060	4282	4522	4612	4228	0
4277	4167	4228	4058	4291	4520	4616	4229	0
4284	4168	4233	4061	4298	4523	4622	4230	0
4280	4166	4233	4056	4296	4523	4620	4228	0
4277	4169	4231	4058	4290	4520	4620	4227	0
4275	4171	4231	4062	4292	4520	4627	4229	0
4264	4169	4229	4055	4291	4522	4627	4229	0
4260	4170	4229	4058	4290	4522	4626	4228	0
4258	4169	4231	4061	4294	4520	4629	4226	0
4258	4169	4237	4061	4300	4520	4633	4229	0
4266	4170	4245	4061	4309	4523	4636	4232	0
4275	4166	4248	4057	4313	4523	4639	4230	0
4273	4170	4246	4059	4309	4520	4637	4231	0
4263	4171	4240	4061	4305	4519	4629	4232	0
4266	4167	4243	4060	4313	4522	4634	4231	0
4276	4168	4252	4059	4322	4525	4648	4231	0
4275	4169	4253	4055	4317	4522	4643	4230	0
4273	4170	4253	4059	4315	4521	4637	4229	0
4281	4167	4258	4061	4328	4523	4645	4227	0
4281	4169	4257	4060	4331	4523	4650	4228	0
4274	4176	4256	4063	4321	4521	4654	4230	0
4276	4167	4260	4057	4331	4521	4657	4230	0
4271	4167	4253	4058	4341	4523	4655	4231	0
4255	4174	4240	4060	4322	4522	4642	4231	0
4258	4169	4245	4056	4316	4522	4642	4228	0
4280	4169	4265	4063	4337	4524	4658	4228	0
4271	4171	4264	4058	4334	4523	4655	4227	0
4240	4171	4243	4057	4314	4522	4640	4227	0
4244	4169	4244	4064	4320	4522	4643	4229	0
4274	4167	4268	4055	4348	4521	4657	4229	0
4274	4172	4275	4055	4355	4522	4660	4228	0
4258	4172	4267	4060	4344	4523	4653	4229	0
4253	4168	4264	4058	4339	4523	4652	4230	0
4252	4168	4267	4057	4338	4520	4657	4229	0
4255	4168	4270	4057	4337	4518	4656	4228	0
4255	4170	4270	4059	4334	4521	4655	4229	0
4247	4169	4266	4061	4331	4521	4657	4228	0
4241	4170	4262	4060	4333	4521	4654	4227	0
4247	4170	4262	4059	4336	4520	4652	4228	0
4249	4166	4263	4055	4337	4521	4651	4228	0
4251	4171	4271	4063	4350	4523	4664	4230	0
4258	4173	4281	4063	4366	4520	4676	4233	0
4260	4168	4277	4055	4359	4519	4672	4231	0
4263	4171	4280	4060	4356	4522	4674	4230	0
4273	4170	4296	4060	4376	4523	4684	4232	0
4281	4170	4304	4061	4387	4521	4687	4234	0
4273	4170	4295	4061	4372	4520	4681	4233	0
4260	4169	4292	4057	4361	4521	4677	4229	0
4251	4172	4293	4062	4361	4523	4682	4229	0
4244	4168	4286	4060	4360	4521	4678	4230	0
4243	4169	4285	4057	4357	4520	4676	4229	0
4249	4170	4289	4060	4355	4522	4677	4228	0
4250	4167	4283	4058	4355	4522	4673	4228	0
4244	4172	4280	4060	4357	4522	4669	4229	0
4241	4171	4283	4059	4351	4523	4665	4229	0
4242	4169	4282	4061	4347	4522	4664	4229	0
4241	4173	4276	4061	4350	4522	4666	4230	0
4238	4171	4280	4058	4350	4522	4669	4228	0
4242	4168	4288	4061	4348	4520	4672	4229	0
4247	4167	4289	4057	4357	4518	4675	4230	0
4245	4168	4289	4054	4365	4523	4677	4231	0
4246	4171	4290	4059	4364	4526	4682	4230	0
4248	4168	4292	4057	4361	4523	4679	4227	0
4240	4170	4290	4062	4354	4522	4670	4227	0
4231	4170	4285	4064	4351	4524	4667	4230	0
4233	4166	4282	4058	4354	4524	4671	4231	0
4242	4168	4287	4060	4360	4522	4677	4228	0
4243	4169	4291	4061	4362	4521	4677	4227	0
4236	4168	4288	4056	4354	4523	4675	4230	0
4231	4168	4285	4053	4349	4523	4671	4229	0
4233	4169	4284	4054	4350	4522	4669	4228	0
4240	4173	4286	4057	4351	4524	4673	4232	0
4244	4169	4297	4057	4362	4521	4681	4231	0
4251	4169	4307	4061	4378	4519	4689	4230	0
4256	4172	4304	4061	4378	4520	4688	4230	0
4248	4170	4294	4057	4366	4520	4678	4228	0
4236	4170	4291	4060	4360	4520	4677	4231	0
4236	4169	4293	4058	4361	4521	4680	4232	0
4236	4169	4291	4056	4357	4521	4677	4228	0
4234	4169	4289	4057	4349	4521	4673	4229	0
4237	4168	4293	4055	4351	4520	4675	4232	0
4237	4173	4294	4061	4359	4521	4682	4230	0
4229	4171	4293	4061	4362	4522	4682	4229	0
4231	4169	4298	4056	4364	4522	4683	4232	0
4248	4172	4305	4060	4371	4522	4689	4231	0
4258	4169	4309	4058	4376	4521	4692	4229	0
4251	4169	4312	4058	4379	4520	4692	4230	0
4242	4170	4304	4057	4369	4519	4685	4232	0
4245	4168	4301	4056	4360	4520	4680	4231	0
4256	4169	4316	4057	4377	4523	4694	4230	0
4266	4168	4327	4055	4399	4523	4703	4229	0
4265	4170	4315	4060	4389	4521	4695	4234	0
4255	4170	4310	4062	4373	4520	4690	4233	0
4251	4168	4315	4056	4377	4521	4691	4228	0
4248	4173	4311	4058	4373	4522	4686	4229	0
4245	4171	4309	4059	4369	4521	4685	4231	0
4251	4169	4318	4060	4388	4522	4701	4230	0
4253	4171	4317	4058	4392	4522	4702	4228	0
4250	4167	4311	4055	4380	4520	4691	4228	0
4257	4169	4318	4061	4388	4521	4697	4229	0
4256	4170	4320	4061	4394	4523	4699	4230	0
4243	4167	4310	4057	4384	4523	4692	4229	0
4244	4169	4308	4060	4378	4523	4691	4231	0
4243	4168	4304	4058	4367	4520	4684	4231	0
4231	4168	4298	4062	4358	4520	4681	4229	0
4236	4169	4309	4062	4372	4522	4691	4229	0
4244	4168	4314	4056	4380	4524	4692	4228	0
4243	4170	4310	4060	4376	4524	4688	4229	0
4250	4168	4317	4059	4385	4523	4692	4229	0
4256	4170	4325	4058	4390	4524	4698	4229	0
4248	4173	4321	4062	4379	4524	4695	4231	0
4248	4169	4317	4061	4375	4522	4693	4231	0
4258	4170	4324	4062	4391	4522	4700	4228	0
4263	4170	4329	4059	4401	4520	4704	4226	0
4267	4170	4331	4060	4400	4520	4704	4230	0
4268	4170	4325	4058	4394	4522	4699	4232	0
4250	4169	4314	4053	4378	4521	4684	4229	0
4239	4169	4313	4057	4375	4522	4682	4228	0
4254	4168	4326	4058	4395	4523	4690	4231	0
4269	4170	4334	4059	4408	4522	4693	4231	0
4267	4171	4333	4060	4403	4518	4688	4229	0
4261	4168	4330	4054	4400	4518	4690	4229	0
4256	4171	4327	4058	4397	4522	4694	4231	0
4250	4171	4325	4061	4393	4522	4689	4229	0
4250	4169	4324	4058	4394	4520	4688	4228	0
4260	4171	4330	4058	4400	4521	4695	4229	0
4266	4168	4335	4058	4403	4522	4695	4229	0
4256	4168	4326	4062	4393	4522	4683	4229	0
4245	4167	4318	4061	4388	4521	4680	4230	0
4250	4168	4328	4058	4401	4520	4693	4230	0
4244	4171	4321	4060	4394	4520	4692	4228	0
4228	4164	4301	4054	4376	4520	4676	4227	0
4241	4170	4315	4060	4389	4521	4686	4229	0
4266	4176	4341	4063	4410	4523	4701	4227	0
4263	4168	4335	4055	4400	4522	4690	4226	0
4245	4169	4318	4058	4385	4519	4679	4230	0
4244	4170	4323	4059	4390	4517	4685	4231	0
4254	4169	4333	4060	4403	4520	4695	4228	0
4255	4171	4332	4061	4406	4522	4696	4228	0
4252	4168	4329	4055	4402	4521	4693	4228	0
4259	4169	4338	4060	4411	4522	4702	4228	0
4256	4169	4337	4063	4413	4523	4702	4228	0
4234	4168	4320	4060	4395	4522	4686	4228	0
4230	4167	4321	4057	4391	4521	4688	4229	0
4244	4167	4334	4057	4402	4520	4702	4230	0
4238	4172	4331	4063	4397	4521	4705	4233	0
4225	4169	4321	4060	4392	4519	4695	4230	0
4235	4169	4329	4056	4402	4518	4695	4227	0
4250	4172	4338	4062	4405	4518	4702	4231	0
4244	4166	4332	4058	4397	4520	4697	4231	0
4236	4170	4328	4061	4400	4523	4695	4229	0
4242	4170	4334	4060	4410	4524	4702	4230	0
4244	4164	4336	4055	4408	4521	4705	4232	0
4243	4169	4336	4061	4406	4520	4708	4230	0
4251	4170	4340	4061	4422	4520	4712	4227	0
4256	4169	4344	4058	4426	4521	4711	4229	0
4236	4169	4333	4059	4397	4520	4697	4232	0
4214	4167	4318	4057	4382	4519	4689	4230	0
4218	4170	4321	4060	4396	4520	4701	4230	0
4226	4169	4328	4057	4402	4519	4702	4232	0
4230	4168	4331	4057	4399	4521	4697	4231	0
4247	4171	4343	4057	4416	4523	4708	4230	0
4250	4169	4349	4055	4423	4521	4713	4231	0
4234	4166	4338	4061	4407	4521	4707	4234	0
4236	4165	4342	4060	4407	4521	4708	4233	0
4246	4172	4353	4055	4424	4520	4716	4231	0
4248	4174	4348	4057	4425	4518	4718	4230	0
4261	4165	4352	4057	4424	4518	4720	4229	0
4272	4168	4369	4061	4435	4520	4728	4229	0
4261	4170	4367	4061	4437	4521	4729	4231	0
4250	4169	4352	4059	4423	4522	4722	4232	0
4245	4171	4347	4063	4410	4523	4716	4229	0
4236	4166	4350	4057	4414	4520	4713	4228	0
4237	4168	4352	4056	4418	4520	4717	4230	0
4241	4170	4347	4058	4411	4522	4716	4229	0
4234	4166	4343	4059	4405	4523	4710	4227	0
4232	4167	4343	4060	4405	4522	4709	4228	0
4238	4164	4342	4054	4406	4519	4706	4227	0
4243	4168	4346	4058	4414	4521	4709	4230	0
4245	4171	4355	4061	4417	4521	4715	4232	0
4243	4166	4353	4054	4409	4519	4711	4227	0
4240	4169	4349	4061	4407	4521	4710	4227	0
4240	4169	4352	4061	4415	4521	4712	4231	0
4228	4170	4344	4059	4405	4518	4706	4230	0
4219	4172	4334	4060	4389	4518	4702	4229	0
4226	4170	4340	4055	4401	4520	4708	4230	0
4226	4171	4345	4058	4407	4521	4711	4230	0
4212	4168	4341	4058	4391	4520	4702	4226	0
4217	4167	4342	4057	4391	4522	4702	4226	0
4242	4172	4355	4059	4413	4522	4714	4233	0
4245	4168	4357	4057	4415	4520	4717	4232	0
4223	4168	4344	4060	4397	4521	4710	4229	0
4222	4170	4343	4060	4397	4524	4708	4232	0
4241	4170	4356	4058	4410	4523	4714	4232	0
4253	4170	4366	4061	4422	4520	4721	4230	0
4261	4166	4370	4057	4435	4521	4724	4230	0
4264	4167	4365	4062	4438	4521	4724	4230	0
4246	4165	4348	4060	4420	4518	4714	4227	0
4228	4167	4342	4055	4404	4518	4709	4229	0
4232	4177	4351	4065	4412	4522	4721	4231	0
4236	4167	4350	4058	4413	4520	4717	4229	0
4230	4165	4340	4054	4396	4520	4702	4229	0
4227	4170	4339	4060	4392	4523	4703	4230	0
4229	4167	4344	4057	4403	4523	4713	4229	0
4231	4169	4343	4061	4406	4522	4716	4231	0
4228	4166	4344	4061	4407	4519	4716	4230	0
4235	4166	4349	4059	4420	4521	4723	4227	0
4248	4171	4354	4058	4428	4524	4727	4229	0
4245	4166	4352	4054	4420	4519	4718	4231	0
4237	4166	4351	4061	4411	4518	4714	4229	0
4232	4168	4352	4063	4408	4521	4716	4229	0
4229	4171	4351	4058	4409	4519	4717	4233	0
4224	4172	4345	4060	4406	4518	4718	4234	0
4221	4168	4338	4061	4400	4519	4714	4229	0
4226	4171	4346	4062	4404	4518	4717	4229	0
4230	4172	4352	4061	4412	4518	4722	4231	0
4235	4168	4354	4060	4414	4520	4722	4229	0
4243	4169	4361	4057	4417	4521	4727	4230	0
4237	4167	4358	4053	4419	4519	4727	4231	0
4223	4167	4345	4060	4410	4520	4717	4230	0
4232	4168	4350	4062	4412	4521	4717	4230	0
4248	4168	4360	4056	4423	4523	4725	4230	0
4245	4172	4356	4060	4422	4521	4726	4230	0
4244	4170	4354	4062	4423	4518	4723	4229	0
4243	4170	4356	4061	4425	4522	4721	4229	0
4230	4170	4345	4056	4409	4523	4714	4229	0
4217	4166	4331	4053	4397	4519	4708	4228	0
4214	4168	4331	4061	4401	4518	4708	4230	0
4218	4170	4339	4062	4398	4520	4703	4230	0
4226	4168	4346	4060	4400	4520	4704	4229	0
4233	4167	4351	4060	4410	4522	4710	4231	0
4226	4167	4349	4056	4409	4523	4709	4231	0
4224	4171	4348	4058	4407	4521	4715	4231	0
4232	4169	4352	4061	4415	4517	4717	4230	0
4233	4168	4348	4062	4417	4520	4715	4230	0
4233	4172	4348	4061	4414	4522	4719	4232	0
4241	4169	4357	4057	4416	4522	4718	4231	0
4242	4169	4359	4061	4415	4523	4714	4229	0
4224	4171	4348	4060	4402	4522	4708	4232	0
4202	4170	4332	4056	4382	4517	4697	4233	0
4192	4171	4318	4060	4367	4518	4690	4230	0
4198	4169	4318	4057	4374	4523	4692	4227	0
4214	4169	4335	4059	4393	4523	4697	4230	0
4217	4170	4337	4061	4394	4518	4695	4230	0
4209	4169	4324	4055	4381	4521	4687	4229	0
4215	4170	4326	4055	4389	4524	4694	4230	0
4225	4169	4340	4060	4407	4521	4706	4230	0
4217	4168	4337	4061	4400	4520	4701	4230	0
4210	4169	4329	4056	4389	4520	4691	4231	0
4222	4170	4338	4055	4402	4520	4698	4232	0
4236	4172	4359	4062	4416	4522	4714	4229	0
4230	4167	4358	4061	4409	4520	4709	4227	0
4215	4169	4336	4058	4389	4518	4695	4229	0
4210	4175	4325	4059	4379	4520	4694	4232	0
4219	4169	4332	4055	4385	4522	4701	4228	0
4226	4168	4337	4057	4394	4520	4704	4229	0
4221	4169	4336	4057	4396	4519	4702	4231	0
4229	4171	4345	4056	4403	4520	4711	4231	0
4245	4174	4355	4057	4415	4521	4723	4230	0
4241	4168	4354	4054	4413	4520	4716	4228	0
4229	4168	4348	4060	4402	4520	4708	4230	0
4230	4168	4347	4061	4401	4522	4710	4232	0
4232	4167	4348	4055	4404	4521	4709	4231	0
4233	4170	4347	4058	4407	4518	4707	4231	0
4238	4168	4345	4059	4417	4520	4709	4231	0
4238	4169	4347	4060	4423	4522	4714	4231	0
4237	4171	4351	4060	4416	4522	4716	4230	0
4229	4169	4343	4057	4406	4522	4710	4229	0
4217	4168	4332	4061	4400	4523	4707	4231	0
4224	4167	4341	4060	4404	4523	4710	4231	0
4235	4170	4351	4058	4411	4523	4715	4230	0
4232	4170	4347	4057	4410	4521	4714	4230	0
4222	4166	4339	4054	4400	4519	4707	4228	0
4215	4171	4334	4056	4393	4521	4704	4228	0
4215	4172	4335	4054	4396	4521	4708	4231	0
4229	4170	4347	4057	4414	4517	4717	4232	0
4244	4171	4356	4061	4426	4517	4722	4229	0
4240	4168	4346	4055	4412	4521	4712	4228	0
4234	4170	4345	4058	4406	4522	4709	4230	0
4238	4169	4355	4060	4416	4521	4716	4229	0
4226	4168	4345	4057	4405	4521	4711	4227	0
4210	4170	4327	4061	4383	4521	4698	4228	0
4214	4166	4334	4058	4383	4520	4696	4230	0
4218	4168	4349	4058	4393	4521	4706	4231	0
4222	4170	4351	4060	4403	4520	4711	4231	0
4236	4167	4354	4058	4417	4519	4714	4230	0
4238	4169	4359	4057	4415	4523	4717	4230	0
4218	4167	4346	4055	4400	4522	4710	4228	0
4209	4168	4334	4060	4398	4517	4705	4229	0
4222	4170	4344	4060	4407	4518	4709	4231	0
4230	4170	4354	4054	4411	4521	4711	4231	0
4221	4173	4353	4059	4405	4521	4713	4233	0
4212	4169	4351	4061	4402	4520	4711	4230	0
4207	4168	4349	4059	4397	4520	4703	4228	0
4197	4171	4337	4057	4382	4521	4697	4231	0
4196	4171	4335	4054	4384	4521	4705	4232	0
4208	4169	4350	4061	4406	4521	4721	4230	0
4204	4168	4353	4061	4399	4522	4717	4231	0
4196	4172	4341	4057	4381	4522	4702	4232	0
4206	4173	4343	4057	4396	4520	4707	4231	0
4209	4166	4351	4055	4411	4518	4713	4228	0
4201	4169	4342	4059	4396	4519	4704	4229	0
4195	4169	4330	4059	4386	4520	4696	4232	0
4201	4167	4339	4055	4393	4520	4704	4232	0
4212	4171	4353	4057	4400	4521	4714	4231	0
4214	4170	4353	4055	4406	4521	4714	4231	0
4208	4171	4347	4057	4407	4521	4709	4231	0
4204	4172	4347	4058	4403	4520	4708	4230	0
4206	4169	4351	4056	4407	4520	4714	4230	0
4201	4171	4345	4057	4405	4521	4717	4230	0
4194	4167	4339	4055	4392	4518	4707	4230	0
4196	4169	4343	4059	4386	4518	4703	4232	0
4198	4171	4346	4060	4391	4520	4708	4230	0
4199	4166	4348	4055	4394	4520	4713	4228	0
4202	4169	4350	4060	4395	4522	4717	4231	0
4206	4170	4348	4060	4401	4522	4717	4232	0
4211	4168	4350	4057	4408	4520	4714	4230	0
4215	4168	4355	4060	4410	4520	4714	4230	0
4210	4167	4349	4058	4401	4521	4708	4231	0
4196	4168	4337	4058	4389	4521	4702	4231	0
4191	4167	4342	4058	4390	4520	4707	4229	0
4197	4169	4346	4060	4394	4521	4710	4228	0
4193	4169	4341	4060	4387	4521	4707	4229	0
4186	4164	4341	4054	4384	4518	4704	4230	0
4192	4170	4348	4058	4390	4520	4710	4232	0
4201	4170	4349	4061	4396	4524	4711	4231	0
4202	4166	4344	4057	4394	4524	4705	4228	0
4209	4172	4346	4058	4396	4521	4710	4230	0
4213	4172	4352	4054	4405	4522	4717	4230	0
4211	4171	4353	4058	4408	4522	4719	4229	0
4218	4169	4351	4060	4408	4519	4718	4230	0
4228	4166	4352	4055	4409	4519	4717	4230	0
4233	4169	4362	4061	4415	4521	4726	4230	0
4232	4169	4369	4061	4418	4520	4731	4231	0
4218	4170	4357	4058	4409	4520	4726	4231	0
4207	4169	4344	4057	4398	4521	4718	4232	0
4210	4166	4345	4054	4402	4521	4721	4232	0
4218	4169	4354	4060	4408	4523	4727	4230	0
4223	4167	4362	4060	4412	4523	4729	4229	0
4229	4169	4364	4057	4417	4520	4732	4231	0
4229	4173	4361	4062	4413	4518	4730	4232	0
4226	4167	4358	4060	4405	4520	4724	4229	0
4227	4169	4358	4057	4408	4519	4725	4229	0
4230	4172	4357	4057	4415	4519	4727	4231	0
4236	4170	4360	4059	4421	4522	4731	4231	0
4247	4171	4368	4058	4426	4522	4736	4231	0
4243	4170	4370	4054	4423	4520	4734	4230	0
4225	4171	4362	4058	4409	4521	4731	4230	0
4213	4173	4353	4058	4403	4521	4734	4230	0
4215	4172	4354	4057	4407	4521	4732	4230	0
4226	4170	4363	4058	4408	4522	4730	4232	0
4243	4167	4374	4054	4418	4520	4734	4233	0
4250	4169	4381	4059	4431	4520	4740	4230	0
4241	4170	4374	4063	4425	4523	4737	4229	0
4229	4166	4365	4056	4411	4519	4729	4231	0
4231	4169	4367	4058	4413	4515	4731	4232	0
4245	4167	4376	4061	4429	4516	4742	4231	0
4255	4167	4388	4060	4443	4520	4751	4230	0
4257	4170	4389	4057	4442	4521	4749	4231	0
4251	4168	4380	4054	4430	4521	4738	4230	0
4241	4169	4372	4056	4421	4520	4738	4229	0
4231	4166	4370	4057	4421	4519	4742	4231	0
4229	4168	4371	4060	4426	4522	4747	4234	0
4231	4174	4371	4060	4423	4522	4746	4234	0
4229	4168	4364	4055	4408	4518	4735	4230	0
4230	4169	4365	4062	4410	4519	4733	4232	0
4239	4170	4377	4060	4430	4521	4742	4234	0
4245	4170	4383	4057	4433	4520	4748	4231	0
4248	4170	4384	4064	4427	4522	4749	4230	0
4243	4167	4382	4060	4429	4525	4746	4232	0
4231	4167	4372	4056	4425	4522	4745	4232	0
4229	4167	4369	4057	4420	4520	4743	4230	0
4240	4167	4378	4058	4426	4522	4742	4232	0
4244	4170	4381	4058	4431	4523	4746	4233	0
4232	4168	4371	4054	4426	4521	4741	4231	0
4215	4169	4365	4055	4411	4521	4727	4230	0
4208	4168	4361	4059	4397	4521	4723	4233	0
4216	4167	4362	4056	4402	4520	4733	4232	0
4228	4174	4372	4060	4422	4520	4742	4231	0
4231	4170	4378	4061	4427	4520	4738	4232	0
4230	4168	4375	4061	4422	4523	4737	4231	0
4239	4172	4381	4059	4430	4522	4746	4230	0
4247	4168	4388	4057	4440	4518	4750	4229	0
4235	4169	4374	4061	4427	4520	4742	4230	0
4226	4169	4366	4058	4418	4521	4736	4229	0
4241	4169	4380	4059	4431	4521	4745	4229	0
4249	4170	4384	4061	4436	4521	4747	4229	0
4242	4164	4376	4053	4430	4522	4736	4229	0
4240	4168	4380	4057	4430	4524	4738	4232	0
4236	4169	4381	4062	4427	4522	4745	4231	0
4222	4167	4369	4059	4414	4520	4740	4229	0
4211	4170	4362	4058	4408	4520	4731	4229	0
4219	4169	4369	4056	4414	4519	4731	4229	0
4228	4169	4374	4057	4417	4519	4740	4233	0
4225	4170	4369	4061	4410	4521	4737	4233	0
4224	4169	4367	4059	4415	4523	4732	4229	0
4229	4167	4371	4058	4426	4521	4740	4228	0
4220	4167	4365	4057	4415	4518	4736	4228	0
4218	4170	4368	4061	4418	4520	4738	4229	0
4241	4168	4385	4058	4447	4520	4754	4233	0
4250	4167	4387	4053	4449	4519	4753	4233	0
4234	4170	4377	4058	4429	4521	4744	4231	0
4226	4168	4377	4058	4426	4520	4743	4230	0
4221	4170	4371	4058	4422	4520	4740	4231	0
4211	4173	4360	4056	4407	4521	4735	4232	0
4207	4167	4361	4051	4407	4520	4739	4231	0
4214	4169	4370	4058	4416	4520	4742	4231	0
4226	4168	4377	4060	4426	4519	4741	4230	0
4232	4168	4377	4055	4431	4518	4745	4230	0
4226	4172	4371	4058	4426	4521	4746	4232	0
4218	4167	4368	4057	4418	4522	4743	4231	0
4225	4168	4377	4058	4428	4520	4749	4230	0
4238	4169	4391	4060	4447	4520	4758	4231	0
4245	4168	4400	4058	4450	4521	4760	4231	0
4245	4169	4397	4059	4444	4521	4757	4230	0
4240	4166	4391	4057	4447	4520	4753	4231	0
4234	4169	4387	4061	4444	4522	4753	4233	0
4224	4169	4375	4061	4429	4522	4748	4234	0
4217	4167	4368	4056	4425	4521	4740	4233	0
4217	4172	4372	4057	4426	4523	4742	4231	0
4218	4170	4376	4055	4419	4520	4739	4229	0
4222	4169	4379	4058	4420	4517	4738	4230	0
4229	4172	4385	4058	4429	4520	4745	4230	0
4230	4171	4384	4054	4434	4523	4746	4229	0
4226	4171	4376	4059	4432	4520	4743	4231	0
4230	4167	4380	4059	4436	4518	4745	4230	0
4244	4167	4393	4058	4449	4524	4751	4230	0
4250	4169	4401	4061	4452	4525	4753	4231	0
4237	4167	4393	4055	4440	4519	4747	4227	0
4219	4169	4381	4056	4425	4519	4743	4231	0
4210	4168	4373	4061	4416	4522	4741	4235	0
4209	4168	4366	4060	4417	4523	4738	4229	0
4215	4173	4368	4057	4425	4521	4743	4227	0
4223	4169	4378	4055	4430	4519	4748	4233	0
4226	4167	4387	4058	4434	4522	4749	4231	0
4232	4166	4390	4061	4437	4523	4748	4225	0
4231	4167	4388	4062	4432	4523	4748	4229	0
4222	4171	4386	4060	4427	4523	4749	4232	0
4218	4168	4379	4053	4432	4521	4747	4231	0
4224	4172	4377	4062	4436	4518	4750	4231	0
4232	4170	4388	4063	4443	4518	4756	4231	0
4246	4165	4398	4054	4455	4522	4759	4232	0
4245	4171	4391	4060	4451	4521	4758	4235	0
4222	4169	4374	4058	4431	4520	4746	4234	0
4216	4169	4374	4058	4429	4521	4746	4232	0
4230	4169	4381	4060	4438	4520	4753	4233	0
4226	4165	4379	4057	4431	4518	4746	4233	0
4223	4169	4384	4060	4430	4521	4746	4233	0
4238	4168	4398	4057	4451	4520	4758	4230	0
4238	4171	4394	4062	4446	4520	4758	4231	0
4222	4175	4377	4065	4425	4521	4748	4233	0
4224	4168	4378	4053	4430	4521	4749	4229	0
4235	4170	4389	4058	4445	4522	4763	4229	0
4242	4170	4396	4062	4451	4520	4765	4231	0
4243	4168	4396	4058	4453	4521	4758	4231	0
4237	4174	4391	4060	4449	4523	4758	4229	0
4226	4167	4384	4055	4442	4521	4758	4228	0
4211	4166	4372	4059	4436	4521	4754	4230	0
4205	4167	4367	4061	4430	4524	4750	4229	0
4211	4165	4375	4056	4426	4522	4748	4227	0
4212	4168	4381	4058	4425	4522	4747	4229	0
4217	4167	4381	4056	4431	4523	4749	4230	0
4234	4168	4391	4057	4448	4520	4762	4230	0
4223	4167	4385	4060	4440	4518	4756	4229	0
4202	4167	4365	4058	4417	4520	4736	4229	0
4212	4171	4370	4061	4426	4521	4744	4229	0
4224	4168	4384	4058	4443	4518	4760	4227	0
4229	4169	4388	4057	4450	4520	4765	4230	0
4242	4172	4394	4055	4461	4522	4767	4235	0
4250	4168	4398	4053	4461	4520	4762	4233	0
4237	4169	4389	4058	4446	4519	4756	4231	0
4218	4170	4376	4058	4435	4520	4752	4232	0
4218	4171	4373	4058	4436	4521	4752	4232	0
4226	4171	4378	4057	4437	4521	4756	4230	0
4224	4167	4382	4052	4437	4518	4757	4229	0
4224	4170	4382	4059	4439	4520	4759	4232	0
4228	4169	4381	4061	4442	4522	4758	4233	0
4222	4167	4377	4054	4441	4519	4756	4231	0
4224	4171	4377	4056	4437	4521	4757	4231	0
4238	4169	4383	4058	4442	4524	4756	4232	0
4242	4170	4384	4061	4443	4523	4753	4231	0
4242	4166	4383	4062	4446	4520	4754	4230	0
4246	4165	4387	4058	4457	4520	4757	4230	0
4241	4174	4384	4058	4452	4521	4756	4231	0
4226	4170	4373	4058	4434	4518	4750	4229	0
4219	4167	4370	4061	4431	4517	4752	4232	0
4238	4171	4382	4061	4446	4520	4762	4235	0
4252	4170	4391	4058	4457	4523	4768	4233	0
4241	4171	4385	4062	4451	4523	4765	4232	0
4237	4168	4381	4059	4444	4521	4759	4232	0
4252	4166	4394	4061	4453	4522	4769	4230	0
4255	4168	4398	4064	4456	4524	4773	4230	0
4245	4169	4381	4057	4445	4523	4760	4231	0
4248	4173	4380	4060	4443	4523	4756	4229	0
4262	4171	4398	4062	4457	4520	4765	4228	0
4264	4168	4398	4061	4457	4521	4768	4231	0
4255	4170	4381	4058	4442	4522	4761	4231	0
4246	4169	4376	4055	4436	4521	4756	4229	0
4244	4169	4384	4060	4443	4521	4761	4233	0
4239	4166	4380	4062	4441	4522	4760	4235	0
4238	4166	4374	4059	4436	4521	4754	4231	0
4250	4170	4382	4057	4445	4521	4758	4230	0
4252	4169	4383	4057	4447	4521	4756	4230	0
4246	4170	4375	4064	4437	4522	4747	4230	0
4248	4171	4381	4061	4443	4521	4751	4231	0
4253	4170	4386	4054	4452	4520	4757	4230	0
4250	4172	4381	4058	4449	4518	4757	4230	0
4248	4168	4378	4058	4443	4520	4753	4230	0
4253	4169	4383	4058	4450	4522	4757	4231	0
4266	4169	4388	4058	4463	4519	4763	4232	0
4268	4168	4386	4056	4458	4518	4755	4232	0
4259	4172	4384	4060	4446	4521	4750	4231	0
4261	4166	4393	4058	4448	4523	4755	4231	0
4266	4169	4397	4062	4451	4521	4762	4231	0
4260	4175	4386	4063	4443	4520	4758	4231	0
4258	4168	4381	4055	4440	4521	4754	4230	0
4268	4169	4389	4061	4449	4521	4760	4231	0
4266	4171	4386	4062	4448	4517	4752	4230	0
4256	4171	4376	4060	4437	4520	4744	4231	0
4261	4173	4377	4060	4438	4524	4752	4232	0
4270	4169	4386	4057	4453	4522	4765	4231	0
4272	4169	4389	4060	4459	4523	4770	4231	0
4270	4171	4384	4057	4454	4524	4764	4233	0
4265	4172	4382	4056	4449	4520	4751	4232	0
4261	4172	4383	4062	4446	4517	4749	4230	0
4267	4167	4389	4056	4447	4517	4755	4229	0
4269	4169	4390	4060	4445	4519	4753	4231	0
4264	4171	4385	4063	4442	4521	4750	4229	0
4266	4166	4385	4057	4442	4522	4754	4230	0
4270	4168	4390	4058	4448	4523	4761	4232	0
4275	4169	4396	4060	4458	4520	4762	4230	0
4284	4169	4400	4062	4465	4519	4765	4232	0
4276	4169	4391	4060	4452	4520	4759	4234	0
4261	4170	4381	4056	4440	4522	4751	4231	0
4267	4172	4391	4059	4452	4524	4761	4231	0
4272	4166	4395	4059	4463	4521	4765	4232	0
4268	4169	4386	4061	4454	4518	4757	4233	0
4278	4170	4392	4056	4456	4519	4758	4232	0
4291	4165	4405	4051	4469	4518	4764	4230	0
4281	4174	4400	4065	4464	4518	4767	4233	0
4265	4170	4391	4062	4452	4520	4758	4233	0
4266	4166	4392	4054	4455	4519	4755	4229	0
4270	4172	4393	4060	4458	4519	4760	4231	0
4267	4166	4389	4055	4447	4520	4755	4232	0
4260	4167	4386	4057	4437	4520	4749	4231	0
4259	4169	4385	4061	4443	4518	4746	4229	0
4267	4167	4388	4058	4451	4520	4748	4229	0
4277	4170	4396	4058	4457	4521	4763	4231	0
4290	4167	4403	4058	4475	4520	4774	4231	0
4298	4169	4404	4062	4486	4520	4774	4232	0
4299	4171	4404	4062	4481	4518	4773	4230	0
4293	4168	4403	4060	4477	4521	4773	4229	0
4283	4170	4397	4063	4471	4525	4771	4232	0
4270	4169	4387	4056	4456	4523	4767	4232	0
4270	4169	4384	4056	4452	4522	4768	4231	0
4281	4168	4391	4061	4460	4522	4764	4233	0
4286	4165	4395	4056	4462	4523	4761	4232	0
4284	4169	4394	4060	4455	4523	4766	4230	0
4273	4170	4390	4061	4444	4520	4761	4231	0
4269	4172	4387	4060	4442	4521	4754	4230	0
4277	4173	4387	4061	4447	4524	4758	4231	0
4277	4169	4387	4056	4448	4521	4760	4230	0
4274	4171	4391	4056	4447	4521	4761	4230	0
4281	4167	4396	4057	4448	4521	4761	4231	0
4277	4167	4388	4057	4444	4518	4753	4230	0
4260	4175	4374	4058	4435	4520	4749	4231	0
4253	4171	4371	4057	4428	4522	4750	4231	0
4251	4169	4373	4061	4422	4521	4748	4233	0
4236	4170	4369	4061	4420	4518	4746	4231	0
4232	4170	4366	4058	4422	4522	4747	4230	0
4249	4170	4370	4058	4426	4522	4750	4233	0
4257	4168	4372	4056	4429	4520	4746	4232	0
4255	4170	4370	4061	4436	4521	4749	4233	0
4261	4169	4370	4063	4443	4521	4755	4233	0
4259	4167	4367	4060	4437	4522	4751	4232	0
4256	4168	4370	4063	4434	4521	4751	4233	0
4254	4167	4369	4060	4432	4518	4752	4233	0
4253	4170	4364	4056	4429	4520	4748	4233	0
4270	4171	4376	4056	4441	4521	4753	4232	0
4279	4166	4385	4054	4453	4518	4760	4231	0
4257	4168	4365	4057	4441	4523	4756	4230	0
4242	4170	4353	4057	4428	4524	4748	4231	0
4251	4170	4365	4059	4428	4519	4752	4231	0
4262	4168	4373	4058	4433	4519	4761	4232	0
4265	4165	4374	4055	4443	4522	4765	4235	0
4252	4172	4368	4061	4435	4520	4762	4236	0
4241	4171	4365	4060	4426	4517	4758	4229	0
4257	4165	4378	4058	4447	4520	4771	4228	0
4273	4170	4387	4061	4462	4523	4781	4234	0
4269	4168	4385	4056	4449	4522	4772	4231	0
4271	4167	4389	4059	4452	4523	4770	4229	0
4276	4169	4392	4060	4464	4522	4773	4232	0
4264	4167	4386	4057	4456	4518	4771	4232	0
4253	4169	4383	4060	4451	4520	4773	4232	0
4258	4169	4385	4057	4462	4523	4775	4233	0
4261	4170	4390	4059	4458	4522	4773	4234	0
4255	4167	4388	4060	4447	4520	4771	4233	0
4258	4166	4388	4053	4454	4521	4775	4233	0
4261	4171	4389	4056	4457	4523	4778	4234	0
4249	4168	4383	4060	4444	4522	4768	4232	0
4247	4166	4382	4060	4448	4523	4770	4232	0
4262	4167	4390	4057	4465	4523	4781	4233	0
4270	4166	4395	4057	4466	4520	4777	4232	0
4270	4167	4400	4063	4465	4521	4774	4232	0
4266	4166	4396	4061	4465	4522	4771	4232	0
4262	4169	4389	4058	4461	4522	4768	4234	0
4260	4169	4388	4057	4460	4520	4771	4234	0
4251	4166	4385	4054	4449	4519	4765	4233	0
4243	4171	4379	4060	4436	4521	4754	4234	0
4247	4168	4382	4057	4443	4519	4756	4233	0
4256	4166	4393	4055	4455	4517	4770	4230	0
4267	4172	4402	4061	4461	4520	4777	4231	0
4269	4164	4400	4055	4463	4521	4772	4231	0
4255	4166	4387	4056	4458	4520	4768	4231	0
4253	4172	4387	4057	4456	4520	4769	4234	0
4270	4169	4400	4054	4461	4522	4774	4235	0
4273	4171	4398	4057	4460	4522	4779	4234	0
4266	4169	4392	4055	4461	4522	4774	4232	0
4272	4170	4400	4058	4471	4523	4771	4230	0
4280	4173	4403	4060	4477	4521	4776	4231	0
4270	4173	4393	4056	4465	4517	4771	4233	0
4247	4174	4380	4059	4443	4519	4762	4233	0
4230	4169	4370	4058	4434	4518	4757	4230	0
4240	4169	4375	4060	4445	4517	4763	4230	0
4261	4170	4390	4059	4458	4517	4772	4233	0
4273	4166	4400	4054	4467	4517	4775	4230	0
4277	4168	4403	4058	4474	4520	4776	4230	0
4280	4166	4405	4058	4482	4520	4772	4232	0
4273	4167	4400	4060	4474	4519	4763	4232	0
4264	4171	4388	4062	4458	4523	4759	4231	0
4263	4167	4386	4056	4458	4524	4761	4230	0
4271	4170	4394	4059	4471	4521	4767	4233	0
4271	4171	4396	4059	4468	4517	4762	4234	0
4261	4171	4385	4058	4456	4520	4751	4232	0
4257	4175	4378	4063	4452	4522	4752	4232	0
4250	4167	4375	4056	4447	4518	4750	4232	0
4241	4168	4375	4056	4437	4521	4750	4234	0
4251	4172	4385	4059	4442	4523	4755	4233	0
4267	4169	4390	4056	4455	4521	4756	4230	0
4269	4169	4387	4058	4458	4520	4756	4231	0
4266	4167	4392	4054	4460	4522	4754	4233	0
4275	4169	4404	4058	4473	4521	4761	4234	0
4281	4168	4405	4060	4478	4520	4765	4231	0
4275	4165	4398	4053	4473	4520	4757	4230	0
4269	4169	4395	4057	4469	4520	4755	4233	0
4266	4168	4390	4059	4464	4521	4756	4231	0
4257	4168	4382	4058	4457	4524	4753	4230	0
4247	4169	4380	4058	4448	4523	4749	4231	0
4246	4166	4378	4053	4441	4519	4746	4230	0
4244	4171	4372	4057	4436	4521	4745	4230	0
4233	4173	4367	4058	4432	4522	4744	4231	0
4233	4169	4370	4056	4436	4518	4749	4231	0
4240	4168	4370	4058	4441	4516	4748	4232	0
4236	4166	4364	4056	4431	4519	4740	4230	0
4235	4168	4367	4058	4429	4523	4746	4230	0
4248	4169	4382	4059	4448	4521	4758	4231	0
4256	4169	4383	4059	4456	4517	4757	4229	0
4258	4170	4377	4061	4449	4520	4751	4229	0
4264	4167	4383	4056	4456	4521	4758	4232	0
4267	4168	4393	4059	4467	4521	4772	4232	0
4266	4168	4395	4061	4465	4521	4775	4232	0
4266	4168	4395	4056	4462	4520	4774	4232	0
4266	4172	4392	4056	4461	4518	4773	4231	0
4259	4167	4386	4055	4450	4518	4762	4229	0
4251	4169	4385	4059	4442	4522	4756	4231	0
4264	4173	4398	4062	4455	4523	4770	4231	0
4278	4170	4405	4056	4469	4519	4778	4230	0
4269	4171	4392	4060	4460	4520	4771	4233	0
4267	4169	4388	4059	4455	4523	4769	4233	0
4285	4169	4401	4056	4470	4523	4781	4232	0
4296	4170	4408	4057	4480	4521	4789	4232	0
4300	4166	4412	4055	4485	4522	4792	4231	0
4305	4170	4416	4063	4492	4525	4802	4230	0
4302	4170	4412	4064	4495	4522	4797	4233	0
4295	4169	4406	4061	4489	4518	4789	4234	0
4291	4169	4402	4060	4483	4518	4789	4232	0
4295	4168	4407	4055	4484	4520	4788	4231	0
4305	4168	4421	4059	4493	4522	4792	4233	0
4303	4166	4422	4059	4488	4520	4788	4232	0
4298	4167	4413	4058	4478	4519	4783	4230	0
4304	4169	4414	4059	4486	4522	4790	4232	0
4303	4165	4417	4053	4492	4521	4791	4232	0
4301	4172	4415	4060	4489	4521	4793	4231	0
4309	4175	4417	4061	4491	4521	4797	4231	0
4308	4167	4418	4055	4492	4522	4796	4230	0
4305	4170	4417	4062	4489	4524	4796	4232	0
4315	4167	4420	4060	4493	4522	4795	4231	0
4324	4167	4424	4058	4504	4523	4797	4230	0
4320	4172	4425	4060	4506	4524	4800	4232	0
4309	4167	4419	4055	4493	4522	4792	4231	0
4296	4168	4408	4061	4480	4524	4788	4230	0
4292	4169	4405	4061	4474	4523	4788	4230	0
4296	4167	4409	4059	4474	4520	4786	4232	0
4298	4168	4412	4061	4476	4522	4787	4234	0
4295	4168	4407	4056	4477	4523	4788	4235	0
4298	4169	4406	4057	4481	4523	4789	4235	0
4312	4164	4420	4060	4498	4522	4797	4232	0
4321	4169	4429	4062	4510	4520	4809	4230	0
4323	4174	4426	4062	4501	4519	4807	4230	0
4326	4168	4425	4056	4498	4520	4800	4231	0
4320	4171	4424	4060	4503	4521	4802	4234	0
4308	4172	4416	4059	4495	4522	4799	4233	0
4307	4168	4411	4053	4487	4523	4796	4232	0
4307	4170	4407	4057	4487	4521	4800	4234	0
4298	4169	4400	4057	4485	4518	4797	4232	0
4303	4168	4407	4057	4489	4522	4799	4232	0
4313	4168	4416	4058	4495	4521	4801	4233	0
4313	4167	4414	4055	4490	4519	4794	4232	0
4318	4169	4418	4056	4489	4520	4797	4233	0
4318	4166	4418	4056	4494	4518	4795	4235	0
4306	4168	4404	4060	4487	4516	4785	4234	0
4308	4169	4403	4060	4484	4518	4787	4234	0
4325	4166	4418	4054	4504	4521	4803	4235	0
4334	4168	4427	4060	4524	4521	4816	4235	0
4337	4166	4432	4060	4519	4522	4814	4235	0
4332	4168	4431	4057	4503	4525	4805	4235	0
4325	4173	4422	4060	4504	4523	4805	4234	0
4320	4168	4417	4058	4507	4517	4809	4229	0
4309	4169	4415	4061	4493	4517	4804	4230	0
4305	4171	4412	4062	4484	4522	4795	4232	0
4317	4169	4417	4062	4493	4523	4801	4231	0
4321	4171	4416	4061	4495	4518	4805	4231	0
4312	4170	4411	4055	4489	4517	4795	4230	0
4313	4169	4414	4057	4488	4522	4794	4231	0
4313	4167	4418	4061	4488	4521	4795	4230	0
4312	4167	4417	4061	4490	4518	4792	4230	0
4326	4170	4427	4062	4502	4521	4800	4234	0
4334	4167	4429	4059	4506	4521	4803	4234	0
4333	4169	4421	4063	4510	4520	4803	4234	0
4340	4172	4425	4063	4520	4522	4807	4234	0
4329	4168	4424	4057	4507	4519	4805	4233	0
4300	4170	4406	4059	4483	4518	4798	4232	0
4291	4169	4400	4059	4482	4523	4795	4232	0
4306	4171	4410	4061	4491	4522	4798	4232	0
4316	4169	4416	4062	4492	4520	4797	4232	0
4310	4165	4411	4058	4488	4521	4788	4233	0
4304	4169	4406	4059	4479	4523	4787	4234	0
4305	4169	4406	4058	4474	4521	4788	4232	0
4306	4167	4405	4060	4479	4520	4784	4232	0
4312	4170	4408	4058	4487	4521	4787	4235	0
4323	4168	4415	4054	4492	4521	4795	4235	0
4317	4168	4407	4061	4488	4523	4795	4233	0
4305	4167	4403	4060	4489	4523	4792	4232	0
4311	4170	4413	4057	4497	4520	4800	4233	0
4313	4170	4409	4061	4488	4520	4797	4234	0
4294	4164	4396	4058	4470	4522	4782	4231	0
4292	4169	4400	4060	4471	4520	4785	4231	0
4305	4170	4406	4058	4479	4516	4792	4234	0
4303	4166	4400	4055	4475	4518	4782	4232	0
4298	4169	4394	4063	4470	4521	4777	4231	0
4302	4168	4397	4061	4476	4520	4785	4233	0
4297	4169	4392	4060	4477	4522	4786	4232	0
4293	4170	4382	4061	4469	4522	4775	4230	0
4312	4168	4396	4059	4483	4518	4783	4231	0
4342	4172	4426	4063	4515	4520	4808	4234	0
4336	4169	4418	4059	4512	4521	4803	4233	0
4310	4167	4396	4058	4485	4521	4783	4231	0
4308	4169	4402	4060	4487	4521	4784	4232	0
4309	4166	4404	4054	4490	4522	4789	4232	0
4295	4169	4393	4057	4473	4520	4787	4231	0
4289	4169	4392	4061	4469	4516	4782	4233	0
4303	4168	4402	4060	4485	4521	4781	4234	0
4317	4172	4407	4058	4492	4525	4789	4231	0
4316	4168	4402	4055	4491	4521	4790	4229	0
4306	4168	4394	4058	4481	4521	4779	4234	0
4298	4168	4390	4060	4469	4523	4769	4232	0
4315	4170	4401	4061	4483	4522	4782	4230	0
4338	4173	4419	4062	4511	4522	4806	4234	0
4332	4166	4416	4057	4506	4522	4800	4235	0
4304	4166	4395	4061	4473	4520	4777	4232	0
4296	4169	4388	4060	4466	4522	4773	4230	0
4314	4169	4401	4057	4485	4526	4785	4233	0
4307	4170	4397	4057	4482	4525	4786	4235	0
4291	4168	4385	4053	4469	4522	4777	4230	0
4300	4170	4393	4058	4477	4522	4781	4228	0
4309	4169	4402	4060	4484	4518	4786	4233	0
4305	4167	4396	4054	4476	4518	4783	4235	0
4300	4170	4389	4059	4470	4522	4781	4233	0
4304	4169	4394	4060	4484	4522	4782	4232	0
4315	4170	4404	4058	4499	4521	4789	4233	0
4331	4169	4412	4060	4500	4521	4794	4233	0
4335	4167	4415	4059	4501	4520	4793	4231	0
4323	4170	4411	4062	4503	4520	4790	4230	0
4320	4167	4410	4058	4497	4518	4788	4231	0
4318	4165	4409	4056	4488	4517	4790	4232	0
4315	4168	4411	4058	4492	4520	4801	4231	0
4311	4167	4411	4056	4494	4521	4803	4231	0
4306	4169	4408	4061	4487	4522	4794	4232	0
4308	4169	4411	4061	4485	4520	4789	4231	0
4313	4169	4415	4058	4487	4517	4792	4230	0
4317	4172	4415	4061	4492	4519	4795	4231	0
4320	4167	4413	4058	4495	4521	4793	4229	0
4319	4166	4411	4060	4493	4523	4792	4229	0
4314	4167	4403	4062	4491	4522	4789	4230	0
4317	4168	4403	4062	4495	4520	4783	4231	0
4335	4172	4419	4063	4509	4523	4790	4232	0
4342	4169	4425	4058	4516	4523	4797	4230	0
4327	4168	4418	4060	4504	4522	4794	4230	0
4311	4169	4411	4062	4489	4523	4788	4230	0
4306	4166	4403	4057	4488	4523	4788	4231	0
4309	4171	4404	4059	4491	4521	4797	4232	0
4312	4169	4417	4059	4492	4520	4800	4231	0
4313	4166	4421	4061	4498	4520	4796	4231	0
4320	4169	4421	4062	4504	4521	4796	4233	0
4324	4168	4426	4056	4505	4521	4798	4232	0
4316	4170	4426	4059	4505	4520	4803	4231	0
4315	4167	4424	4063	4510	4521	4805	4232	0
4328	4169	4428	4062	4515	4523	4807	4232	0
4334	4172	4428	4058	4510	4521	4807	4232	0
4335	4169	4430	4053	4511	4519	4805	4233	0
4332	4168	4433	4061	4516	4520	4806	4233	0
4308	4167	4414	4065	4498	4518	4795	4230	0
4286	4169	4397	4060	4476	4518	4784	4230	0
4297	4173	4408	4059	4487	4521	4793	4234	0
4309	4167	4420	4058	4501	4521	4800	4231	0
4302	4168	4412	4061	4487	4519	4788	4230	0
4315	4169	4419	4058	4491	4521	4789	4233	0
4336	4166	4434	4054	4511	4522	4801	4232	0
4320	4170	4421	4059	4501	4520	4794	4232	0
4301	4169	4405	4058	4484	4518	4781	4231	0
4312	4169	4414	4058	4497	4520	4790	4230	0
4316	4171	4414	4061	4502	4518	4798	4233	0
4309	4168	4399	4059	4487	4518	4787	4233	0
4314	4169	4405	4062	4488	4521	4787	4231	0
4322	4168	4419	4061	4497	4517	4795	4231	0
4317	4170	4417	4061	4491	4517	4791	4232	0
4314	4172	4411	4062	4486	4522	4787	4231	0
4308	4167	4407	4056	4490	4520	4790	4231	0
4295	4170	4400	4059	4482	4517	4788	4233	0
4291	4170	4398	4058	4471	4522	4783	4233	0
4304	4168	4407	4057	4480	4523	4793	4233	0
4313	4171	4412	4060	4493	4520	4798	4234	0
4313	4167	4412	4056	4497	4518	4795	4234	0
4321	4167	4417	4059	4505	4521	4804	4234	0
4325	4168	4418	4062	4513	4520	4804	4232	0
4320	4168	4416	4057	4503	4520	4795	4233	0
4322	4171	4419	4056	4490	4520	4798	4235	0
4323	4169	4418	4058	4493	4521	4799	4232	0
4320	4169	4421	4063	4505	4522	4797	4229	0
4312	4168	4420	4062	4498	4520	4794	4231	0
4302	4166	4409	4058	4487	4518	4786	4231	0
4296	4172	4403	4062	4487	4523	4787	4231	0
4295	4171	4406	4057	4485	4524	4788	4231	0
4300	4170	4410	4058	4482	4520	4785	4231	0
4301	4171	4405	4061	4480	4519	4781	4231	0
4300	4168	4404	4055	4477	4520	4780	4232	0
4303	4169	4409	4059	4484	4520	4784	4232	0
4304	4166	4408	4058	4492	4521	4786	4230	0
4296	4167	4402	4058	4486	4521	4782	4233	0
4309	4169	4411	4059	4491	4522	4785	4234	0
4333	4166	4430	4054	4512	4522	4795	4230	0
4326	4169	4428	4057	4512	4522	4798	4230	0
4302	4170	4412	4062	4495	4519	4789	4231	0
4288	4169	4400	4060	4480	4521	4780	4230	0
4286	4168	4399	4060	4473	4523	4784	4230	0
4289	4166	4405	4057	4484	4521	4790	4228	0
4289	4170	4405	4060	4489	4520	4789	4229	0
4278	4170	4394	4060	4469	4522	4780	4232	0
4277	4167	4391	4059	4464	4521	4780	4233	0
4293	4172	4405	4061	4488	4520	4792	4230	0
4288	4171	4404	4056	4487	4520	4785	4228	0
4275	4171	4391	4062	4466	4523	4774	4230	0
4291	4169	4401	4062	4479	4522	4784	4231	0
4311	4165	4424	4055	4506	4520	4799	4230	0
4306	4169	4423	4061	4497	4521	4795	4232	0
4289	4170	4407	4062	4475	4520	4778	4232	0
4282	4171	4401	4060	4473	4519	4773	4232	0
4282	4172	4400	4061	4476	4520	4776	4233	0
4282	4169	4397	4056	4474	4520	4776	4232	0
4274	4170	4395	4057	4468	4522	4778	4232	0
4272	4165	4396	4059	4467	4522	4777	4233	0
4283	4166	4401	4062	4474	4520	4779	4233	0
4279	4172	4399	4060	4472	4520	4778	4233	0
4266	4167	4391	4052	4459	4521	4767	4232	0
4273	4169	4397	4058	4467	4520	4772	4231	0
4293	4169	4413	4061	4494	4517	4790	4232	0
4288	4168	4406	4057	4488	4520	4783	4233	0
4277	4170	4394	4058	4466	4525	4767	4234	0
4286	4166	4404	4054	4472	4526	4773	4232	0
4286	4169	4408	4058	4482	4524	4783	4232	0
4277	4170	4400	4059	4475	4523	4780	4233	0
4281	4170	4404	4057	4475	4520	4783	4231	0
4292	4175	4415	4065	4481	4518	4792	4231	0
4287	4168	4412	4060	4477	4520	4782	4232	0
4282	4167	4408	4056	4480	4520	4779	4232	0
4290	4167	4415	4057	4488	4518	4787	4231	0
4282	4166	4407	4055	4476	4517	4778	4229	0
4262	4172	4387	4058	4456	4521	4767	4231	0
4269	4170	4391	4057	4471	4523	4776	4233	0
4296	4168	4413	4058	4500	4521	4793	4233	0
4294	4171	4414	4060	4491	4517	4789	4232	0
4276	4170	4400	4057	4470	4516	4779	4231	0
4274	4173	4400	4063	4471	4521	4783	4232	0
4276	4166	4407	4058	4478	4519	4781	4229	0
4280	4164	4410	4056	4477	4519	4783	4230	0
4282	4174	4410	4062	4474	4522	4792	4233	0
4280	4170	4410	4057	4479	4521	4790	4232	0
4287	4169	4417	4059	4491	4520	4792	4232	0
4292	4170	4416	4063	4488	4521	4794	4234	0
4278	4168	4405	4062	4474	4522	4785	4232	0
4273	4169	4402	4059	4470	4522	4783	4229	0
4284	4168	4410	4054	4481	4518	4785	4229	0
4290	4171	4417	4059	4493	4517	4790	4233	0
4296	4170	4420	4058	4497	4518	4795	4233	0
4303	4166	4422	4052	4500	4519	4796	4230	0
4296	4169	4416	4059	4493	4522	4790	4230	0
4280	4168	4404	4062	4477	4522	4776	4232	0
4277	4170	4404	4060	4471	4520	4776	4233	0
4284	4171	4413	4056	4478	4521	4788	4233	0
4282	4167	4411	4054	4483	4521	4787	4230	0
4276	4170	4403	4061	4479	4517	4780	4231	0
4275	4168	4405	4058	4476	4518	4777	4232	0
4281	4167	4411	4058	4480	4522	4783	4232	0
4285	4169	4414	4061	4484	4520	4785	4231	0
4276	4168	4406	4055	4476	4519	4780	4230	0
4271	4167	4401	4057	4476	4522	4778	4232	0
4288	4165	4413	4062	4492	4522	4786	4233	0
4297	4169	4420	4062	4495	4520	4788	4231	0
4293	4174	4416	4058	4488	4520	4784	4232	0
4296	4169	4423	4053	4495	4518	4787	4233	0
4291	4170	4427	4060	4493	4521	4793	4232	0
4261	4169	4404	4059	4469	4525	4778	4230	0
4260	4165	4402	4057	4468	4524	4775	4229	0
4286	4169	4425	4060	4492	4522	4797	4230	0
4279	4170	4416	4054	4486	4521	4791	4230	0
4267	4171	4402	4058	4472	4524	4778	4231	0
4281	4170	4416	4060	4488	4521	4789	4231	0
4286	4167	4426	4053	4497	4519	4794	4230	0
4272	4170	4412	4058	4480	4522	4783	4231	0
4265	4168	4405	4060	4472	4521	4775	4230	0
4273	4167	4415	4058	4485	4520	4783	4231	0
4281	4169	4420	4058	4491	4523	4788	4233	0
4278	4170	4414	4056	4483	4522	4786	4231	0
4280	4171	4421	4059	4489	4520	4791	4229	0
4292	4167	4438	4060	4512	4523	4799	4229	0
4291	4169	4434	4061	4510	4522	4796	4231	0
4269	4170	4413	4058	4487	4519	4787	4232	0
4261	4166	4407	4052	4477	4521	4781	4231	0
4270	4171	4415	4060	4480	4522	4781	4231	0
4266	4169	4411	4059	4474	4520	4774	4231	0
4252	4167	4403	4055	4466	4522	4767	4233	0
4266	4171	4415	4058	4479	4522	4783	4233	0
4278	4168	4421	4055	4490	4518	4789	4230	0
4260	4168	4405	4058	4477	4520	4774	4231	0
4262	4167	4411	4062	4481	4523	4775	4232	0
4290	4167	4435	4060	4500	4522	4791	4231	0
4283	4169	4422	4060	4488	4520	4783	4232	0
4253	4165	4402	4058	4469	4519	4765	4231	0
4254	4168	4410	4060	4471	4522	4771	4230	0
4262	4171	4412	4058	4465	4522	4773	4230	0
4251	4170	4402	4053	4458	4517	4766	4233	0
4254	4172	4412	4059	4475	4519	4776	4233	0
4270	4170	4423	4061	4491	4520	4785	4230	0
4277	4171	4423	4062	4492	4517	4788	4230	0
4274	4170	4418	4057	4487	4517	4789	4229	0
4261	4168	4405	4054	4476	4521	4777	4228	0
4268	4175	4409	4063	4478	4523	4782	4232	0
4289	4171	4426	4060	4501	4520	4795	4233	0
4277	4165	4414	4057	4497	4521	4782	4232	0
4262	4169	4402	4063	4474	4521	4768	4231	0
4281	4167	4420	4057	4480	4519	4777	4231	0
4274	4170	4415	4060	4484	4519	4780	4230	0
4252	4169	4401	4064	4471	4519	4771	4231	0
4262	4167	4412	4061	4473	4521	4780	4232	0
4267	4173	4415	4063	4477	4520	4787	4235	0
4264	4172	4408	4061	4482	4517	4784	4233	0
4286	4170	4422	4061	4502	4520	4790	4231	0
4304	4167	4439	4061	4513	4521	4796	4234	0
4285	4167	4422	4061	4493	4519	4788	4235	0
4264	4174	4403	4063	4473	4521	4780	4232	0
4273	4172	4412	4059	4483	4522	4783	4228	0
4285	4171	4423	4061	4498	4520	4791	4232	0
4283	4171	4419	4063	4498	4520	4790	4235	0
4286	4169	4422	4058	4502	4520	4793	4234	0
4293	4170	4430	4063	4511	4521	4801	4233	0
4280	4167	4419	4060	4499	4522	4788	4231	0
4264	4167	4407	4059	4480	4522	4775	4232	0
4271	4169	4420	4060	4486	4522	4788	4233	0
4283	4165	4431	4053	4497	4522	4797	4231	0
4277	4169	4420	4058	4486	4523	4791	4231	0
4267	4170	4411	4058	4476	4521	4786	4233	0
4276	4167	4427	4056	4489	4521	4796	4232	0
4283	4169	4432	4060	4495	4521	4800	4231	0
4263	4168	4410	4058	4477	4520	4786	4231	0
4256	4169	4407	4058	4471	4520	4784	4231	0
4277	4167	4428	4060	4495	4519	4797	4233	0
4291	4168	4437	4059	4510	4517	4805	4233	0
4291	4174	4433	4059	4499	4520	4801	4232	0
4280	4167	4426	4053	4487	4522	4788	4231	0
4265	4168	4417	4057	4488	4523	4790	4231	0
4265	4170	4421	4061	4491	4523	4797	4231	0
4273	4165	4427	4056	4488	4521	4792	4231	0
4268	4169	4421	4058	4485	4521	4789	4232	0
4272	4171	4422	4057	4491	4522	4792	4231	0
4287	4168	4430	4059	4497	4524	4797	4230	0
4273	4166	4418	4061	4485	4522	4789	4232	0
4258	4166	4408	4056	4478	4520	4782	4231	0
4275	4171	4423	4062	4490	4523	4793	4231	0
4278	4167	4422	4061	4486	4522	4788	4232	0
4257	4167	4403	4058	4474	4518	4774	4233	0
4265	4170	4409	4062	4489	4518	4787	4232	0
4298	4165	4434	4060	4515	4521	4804	4230	0
4295	4170	4435	4061	4505	4523	4798	4231	0
4263	4171	4416	4060	4477	4522	4787	4232	0
4254	4168	4411	4060	4479	4521	4790	4231	0
4271	4171	4421	4062	4491	4521	4796	4232	0
4268	4166	4416	4056	4484	4521	4786	4232	0
4256	4167	4407	4057	4477	4520	4783	4231	0
4265	4168	4417	4061	4491	4519	4792	4230	0
4270	4166	4422	4059	4492	4521	4791	4233	0
4264	4172	4413	4058	4477	4523	4789	4234	0
4263	4170	4410	4053	4476	4521	4788	4232	0
4277	4167	4417	4059	4500	4521	4793	4233	0
4291	4168	4430	4062	4518	4524	4801	4234	0
4281	4167	4423	4054	4500	4523	4793	4232	0
4264	4170	4405	4058	4478	4521	4783	4230	0
4262	4170	4405	4059	4481	4520	4786	4230	0
4255	4170	4409	4058	4475	4522	4791	4233	0
4247	4169	4402	4058	4461	4519	4784	4236	0
4261	4168	4410	4055	4475	4518	4786	4232	0
4272	4174	4424	4059	4490	4518	4795	4231	0
4259	4169	4415	4059	4476	4518	4787	4232	0
4259	4169	4419	4061	4476	4520	4786	4232	0
4269	4173	4427	4062	4488	4521	4795	4232	0
4258	4168	4408	4057	4473	4521	4785	4233	0
4251	4169	4400	4064	4460	4522	4778	4233	0
4266	4165	4424	4055	4484	4519	4789	4230	0
4277	4167	4432	4054	4500	4522	4796	4230	0
4262	4174	4407	4065	4477	4525	4782	4233	0
4258	4166	4403	4057	4469	4518	4773	4232	0
4267	4171	4420	4060	4484	4518	4787	4231	0
4255	4176	4412	4063	4484	4523	4789	4230	0
4245	4170	4400	4057	4470	4523	4782	4231	0
4261	4172	4413	4060	4473	4520	4788	4234	0
4272	4171	4426	4057	4487	4519	4789	4232	0
4264	4170	4421	4058	4486	4523	4784	4231	0
4263	4170	4424	4060	4478	4524	4787	4232	0
4264	4170	4427	4058	4476	4522	4789	4230	0
4254	4175	4415	4060	4473	4521	4785	4230	0
4257	4170	4409	4058	4475	4522	4782	4230	0
4275	4168	4424	4059	4491	4521	4792	4232	0
4283	4172	4433	4060	4504	4522	4801	4234	0
4277	4170	4426	4056	4495	4524	4793	4231	0
4267	4169	4417	4061	4477	4521	4778	4230	0
4252	4168	4412	4061	4470	4520	4772	4232	0
4246	4172	4413	4062	4472	4522	4780	4231	0
4249	4173	4409	4061	4466	4521	4779	4232	0
4247	4168	4401	4054	4458	4521	4768	4234	0
4257	4171	4411	4058	4471	4520	4777	4233	0
4268	4169	4420	4058	4484	4517	4785	4231	0
4256	4166	4407	4058	4473	4520	4774	4232	0
4253	4170	4403	4063	4469	4521	4771	4233	0
4268	4166	4410	4058	4479	4518	4778	4231	0
4275	4167	4412	4061	4486	4520	4781	4233	0
4271	4171	4409	4063	4481	4520	4777	4231	0
4268	4173	4410	4061	4474	4518	4776	4229	0
4270	4172	4417	4061	4478	4520	4780	4231	0
4260	4166	4410	4055	4474	4518	4776	4231	0
4239	4170	4393	4060	4458	4520	4773	4230	0
4238	4171	4393	4064	4455	4525	4775	4230	0
4257	4166	4409	4061	4471	4523	4783	4232	0
4260	4169	4412	4063	4475	4521	4788	4233	0
4250	4170	4403	4060	4472	4524	4782	4231	0
4260	4170	4411	4062	4483	4523	4785	4231	0
4261	4168	4417	4062	4485	4518	4789	4233	0
4253	4167	4409	4058	4475	4520	4785	4231	0
4261	4171	4407	4063	4476	4524	4786	4228	0
4267	4169	4413	4060	4478	4520	4784	4229	0
4262	4171	4414	4058	4473	4518	4779	4233	0
4271	4172	4422	4060	4485	4522	4787	4233	0
4282	4167	4431	4057	4494	4523	4794	4230	0
4258	4169	4420	4058	4471	4521	4788	4230	0
4235	4166	4407	4057	4453	4521	4778	4231	0
4251	4167	4416	4058	4468	4522	4789	4231	0
4271	4173	4428	4060	4481	4522	4801	4232	0
4267	4168	4426	4054	4479	4521	4793	4231	0
4255	4168	4416	4059	4474	4521	4784	4232	0
4253	4172	4409	4061	4469	4521	4781	4232	0
4257	4170	4408	4058	4467	4522	4780	4230	0
4256	4170	4405	4063	4469	4524	4780	4233	0
4262	4169	4411	4058	4480	4523	4787	4235	0
4278	4173	4425	4059	4491	4520	4796	4233	0
4277	4172	4425	4064	4486	4518	4790	4231	0
4265	4166	4416	4060	4473	4519	4779	4230	0
4258	4168	4412	4057	4463	4519	4780	4232	0
4253	4169	4409	4056	4461	4517	4781	4233	0
4255	4171	4410	4062	4465	4520	4782	4232	0
4260	4168	4414	4058	4468	4520	4782	4232	0
4256	4165	4413	4053	4466	4518	4782	4232	0
4257	4173	4416	4063	4471	4520	4788	4232	0
4269	4171	4423	4063	4483	4521	4789	4233	0
4265	4171	4415	4060	4475	4522	4783	4233	0
4255	4174	4402	4063	4459	4522	4777	4230	0
4261	4168	4404	4060	4462	4521	4776	4230	0
4269	4168	4412	4062	4476	4523	4783	4232	0
4263	4169	4411	4060	4474	4522	4781	4230	0
4249	4171	4400	4062	4453	4521	4768	4230	0
4241	4171	4391	4064	4441	4524	4766	4235	0
4243	4167	4396	4056	4451	4522	4776	4232	0
4254	4172	4413	4061	4469	4518	4787	4231	0
4269	4172	4424	4060	4477	4520	4788	4232	0
4269	4170	4423	4055	4474	4521	4783	4232	0
4261	4173	4417	4059	4466	4521	4783	4230	0
4267	4168	4415	4057	4469	4517	4783	4230	0
4281	4167	4423	4058	4484	4520	4790	4233	0
4281	4169	4427	4060	4486	4525	4793	4231	0
4267	4169	4417	4060	4473	4524	4787	4228	0
4264	4172	4408	4063	4469	4518	4785	4233	0
4273	4167	4412	4058	4474	4520	4784	4235	0
4278	4171	4418	4060	4476	4524	4786	4234	0
4283	4174	4418	4062	4479	4521	4786	4233	0
4276	4169	4417	4056	4474	4518	4786	4233	0
4267	4171	4418	4062	4469	4520	4788	4233	0
4276	4167	4420	4060	4477	4519	4786	4231	0
4277	4168	4414	4058	4476	4522	4780	4232	0
4270	4172	4411	4062	4466	4520	4781	4232	0
4278	4169	4414	4057	4468	4515	4783	4230	0
4280	4170	4409	4060	4470	4518	4782	4230	0
4267	4167	4405	4062	4465	4522	4782	4231	0
4272	4168	4409	4062	4469	4521	4784	4233	0
4285	4173	4410	4060	4474	4521	4783	4235	0
4284	4167	4410	4056	4474	4522	4781	4235	0
4290	4167	4421	4064	4484	4523	4790	4234	0
4297	4169	4423	4064	4489	4522	4788	4233	0
4288	4170	4414	4060	4475	4520	4774	4232	0
4277	4172	4415	4061	4468	4522	4775	4231	0
4270	4170	4415	4058	4471	4521	4780	4229	0
4267	4171	4408	4062	4469	4520	4778	4230	0
4276	4170	4413	4061	4471	4520	4780	4229	0
4296	4168	4430	4056	4486	4521	4788	4228	0
4296	4170	4428	4062	4488	4521	4792	4232	0
4272	4167	4409	4063	4471	4519	4780	4233	0
4274	4169	4413	4062	4474	4521	4784	4232	0
4300	4170	4428	4059	4491	4520	4800	4231	0
4296	4169	4422	4057	4488	4520	4792	4230	0
4280	4172	4411	4059	4481	4522	4780	4232	0
4282	4167	4418	4056	4484	4521	4785	4234	0
4283	4167	4421	4060	4477	4518	4790	4235	0
4277	4171	4411	4061	4466	4522	4783	4233	0
4277	4166	4410	4054	4467	4524	4780	4231	0
4278	4166	4417	4058	4472	4521	4786	4232	0
4282	4165	4421	4057	4479	4518	4787	4232	0
4292	4168	4426	4057	4488	4520	4788	4232	0
4294	4171	4424	4063	4487	4520	4788	4233	0
4287	4165	4415	4056	4483	4518	4781	4232	0
4286	4169	4415	4059	4485	4520	4785	4231	0
4291	4171	4420	4062	4485	4521	4791	4231	0
4300	4167	4425	4059	4494	4520	4798	4230	0
4310	4171	4435	4061	4506	4520	4810	4232	0
4312	4169	4439	4059	4500	4521	4807	4232	0
4310	4169	4439	4065	4498	4523	4801	4233	0
4309	4168	4440	4066	4508	4523	4807	4234	0
4300	4168	4434	4058	4497	4518	4807	4232	0
4292	4172	4427	4061	4480	4518	4799	4232	0
4295	4168	4428	4061	4489	4519	4797	4234	0
4303	4168	4434	4061	4504	4520	4805	4234	0
4313	4169	4442	4060	4508	4521	4806	4234	0
4316	4168	4446	4057	4508	4521	4799	4233	0
4300	4173	4438	4063	4496	4521	4795	4232	0
4284	4172	4426	4061	4487	4520	4786	4230	0
4296	4171	4428	4058	4494	4521	4778	4233	0
4317	4173	4436	4061	4508	4520	4776	4236	0
4312	4171	4432	4059	4510	4518	4769	4233	0
4295	4172	4423	4062	4496	4520	4764	4232	0
4292	4168	4425	4062	4484	4522	4754	4232	0
4294	4169	4428	4060	4484	4522	4747	4231	0
4289	4175	4421	4058	4490	4520	4750	4232	0
4290	4169	4418	4057	4494	4520	4759	4234	0
4304	4170	4430	4065	4504	4521	4770	4233	0
4313	4172	4440	4063	4519	4519	4782	4229	0
4311	4168	4437	4058	4522	4520	4789	4230	0
4308	4169	4435	4062	4515	4523	4787	4231	0
4304	4167	4441	4056	4509	4521	4788	4229	0
4296	4167	4444	4057	4507	4519	4800	4230	0
4292	4167	4444	4060	4510	4519	4800	4231	0
4287	4164	4446	4057	4510	4522	4797	4231	0
4280	4169	4446	4062	4504	4521	4797	4232	0
4281	4170	4445	4059	4504	4520	4795	4232	0
4286	4173	4447	4057	4515	4522	4803	4233	0
4278	4175	4446	4061	4509	4521	4800	4231	0
4265	4168	4438	4056	4488	4518	4792	4230	0
4256	4171	4433	4061	4485	4520	4797	4229	0
4251	4172	4438	4062	4492	4522	4800	4226	0
4257	4168	4451	4058	4499	4524	4806	4231	0
4269	4172	4455	4058	4508	4522	4811	4232	0
4260	4169	4448	4054	4508	4521	4801	4230	0
4248	4170	4449	4058	4498	4522	4786	4231	0
4245	4170	4450	4059	4494	4521	4766	4230	0
4226	4168	4436	4055	4488	4520	4755	4230	0
4214	4170	4433	4058	4480	4520	4757	4229	0
4233	4166	4452	4056	4493	4520	4770	4229	0
4242	4169	4458	4060	4505	4522	4775	4233	0
4221	4172	4441	4062	4492	4520	4766	4233	0
4215	4166	4434	4057	4482	4518	4769	4233	0
4220	4170	4440	4061	4483	4520	4782	4235	0
4209	4169	4433	4057	4481	4520	4784	4232	0
4203	4169	4430	4057	4484	4519	4793	4230	0
4213	4172	4437	4058	4487	4519	4805	4232	0
4216	4169	4439	4055	4487	4520	4810	4233	0
4209	4169	4436	4062	4486	4520	4814	4233	0
4205	4168	4435	4060	4485	4520	4817	4233	0
4200	4169	4430	4056	4482	4521	4820	4233	0
4201	4170	4427	4058	4483	4521	4821	4232	0
4203	4165	4429	4056	4485	4520	4823	4232	0
4197	4171	4425	4060	4485	4520	4822	4233	0
4184	4170	4420	4057	4480	4520	4810	4231	0
4178	4166	4421	4056	4474	4522	4803	4233	0
4184	4171	4420	4058	4474	4522	4800	4234	0
4181	4168	4417	4054	4476	4521	4787	4233	0
4174	4169	4420	4058	4476	4520	4778	4234	0
4175	4171	4425	4059	4481	4520	4775	4231	0
4163	4168	4421	4056	4476	4523	4769	4228	0
4144	4170	4414	4058	4462	4524	4763	4231	0
4148	4168	4421	4051	4465	4520	4764	4233	0
4157	4170	4432	4056	4475	4518	4771	4231	0
4154	4170	4430	4060	4477	4521	4772	4228	0
4158	4170	4430	4056	4480	4521	4772	4230	0
4163	4172	4439	4056	4476	4520	4778	4232	0
4156	4167	4439	4055	4466	4517	4779	4229	0
4145	4169	4424	4060	4458	4521	4771	4231	0
4154	4169	4423	4058	4466	4522	4773	4234	0
4188	4165	4445	4053	4494	4518	4792	4232	0
4197	4168	4448	4058	4498	4520	4800	4232	0
4161	4166	4419	4057	4454	4522	4774	4232	0
4144	4170	4399	4058	4429	4522	4761	4230	0
4169	4171	4409	4058	4455	4522	4780	4231	0
4178	4168	4417	4053	4467	4520	4787	4231	0
4170	4173	4413	4057	4456	4521	4783	4231	0
4172	4171	4407	4058	4461	4523	4780	4231	0
4170	4170	4392	4060	4458	4520	4772	4230	0
4170	4173	4384	4058	4449	4517	4774	4231	0
4174	4169	4378	4054	4438	4520	4768	4231	0
4158	4173	4361	4063	4422	4522	4758	4231	0
4145	4169	4355	4057	4424	4521	4768	4231	0
4158	4166	4366	4050	4435	4521	4783	4229	0
4166	4173	4366	4058	4434	4521	4789	4230	0
4149	4167	4354	4055	4425	4522	4790	4232	0
4145	4169	4358	4057	4434	4523	4810	4231	0
4160	4173	4370	4061	4451	4521	4831	4230	0
4155	4169	4364	4056	4441	4520	4827	4228	0
4142	4170	4356	4056	4421	4523	4823	4231	0
4154	4167	4369	4055	4435	4522	4838	4232	0
4171	4168	4386	4059	4459	4520	4854	4228	0
4166	4166	4381	4058	4449	4523	4854	4230	0
4164	4165	4381	4054	4451	4525	4858	4234	0
4162	4174	4382	4064	4460	4521	4867	4234	0
4138	4169	4359	4060	4431	4517	4848	4231	0
4138	4165	4361	4054	4428	4521	4836	4230	0
4164	4171	4386	4062	4458	4523	4848	4234	0
4161	4166	4379	4057	4450	4516	4839	4234	0
4155	4166	4372	4055	4440	4520	4838	4235	0
4173	4167	4388	4057	4463	4523	4850	4236	0
4167	4168	4382	4057	4451	4520	4843	4234	0
4153	4172	4368	4060	4422	4519	4836	4235	0
4164	4167	4377	4054	4432	4520	4836	4233	0
4167	4170	4381	4058	4449	4521	4838	4232	0
4149	4170	4370	4062	4435	4520	4836	4233	0
4140	4163	4364	4056	4416	4518	4825	4233	0
4156	4168	4372	4057	4428	4520	4830	4233	0
4172	4168	4384	4055	4451	4520	4848	4233	0
4164	4169	4378	4061	4445	4523	4850	4234	0
4153	4171	4362	4061	4430	4521	4841	4234	0
4159	4165	4364	4052	4438	4517	4845	4232	0
4161	4170	4370	4058	4444	4519	4852	4232	0
4157	4170	4364	4056	4441	4521	4847	4233	0
4166	4167	4369	4056	4445	4521	4846	4233	0
4163	4171	4372	4062	4435	4521	4848	4233	0
4150	4171	4362	4054	4422	4520	4837	4232	0
4150	4173	4361	4057	4430	4520	4838	4234	0
4150	4167	4367	4060	4433	4520	4842	4233	0
4142	4165	4356	4057	4417	4518	4832	4233	0
4152	4172	4354	4060	4428	4518	4837	4236	0
4172	4167	4375	4055	4453	4520	4857	4233	0
4168	4168	4382	4056	4446	4521	4860	4230	0
4158	4171	4369	4061	4437	4522	4849	4233	0
4174	4169	4374	4060	4453	4521	4851	4234	0
4191	4173	4390	4060	4461	4521	4865	4234	0
4174	4171	4380	4054	4445	4521	4860	4233	0
4156	4172	4364	4056	4434	4522	4849	4232	0
4165	4171	4374	4059	4442	4523	4852	4232	0
4171	4168	4387	4056	4451	4523	4860	4230	0
4159	4172	4376	4058	4442	4523	4860	4231	0
4148	4169	4361	4052	4430	4519	4849	4232	0
4152	4171	4367	4055	4435	4518	4847	4232	0
4155	4173	4375	4062	4438	4519	4847	4231	0
4149	4169	4364	4054	4433	4521	4842	4230	0
4150	4172	4358	4056	4431	4522	4844	4232	0
4168	4170	4375	4059	4441	4520	4849	4233	0
4166	4168	4375	4059	4440	4522	4846	4233	0
4145	4171	4355	4059	4417	4523	4837	4234	0
4148	4169	4357	4055	4416	4521	4838	4233	0
4159	4172	4370	4059	4435	4522	4846	4232	0
4150	4170	4366	4058	4431	4522	4843	4233	0
4153	4170	4365	4058	4421	4522	4838	4234	0
4176	4173	4381	4061	4440	4522	4849	4233	0
4171	4170	4377	4054	4444	4520	4848	4230	0
4158	4170	4366	4056	4435	4521	4842	4232	0
4176	4170	4383	4058	4451	4522	4854	4234	0
4182	4169	4390	4058	4453	4522	4858	4233	0
4159	4171	4367	4060	4433	4523	4847	4232	0
4148	4168	4357	4054	4426	4522	4840	4231	0
4152	4171	4371	4058	4430	4520	4847	4231	0
4146	4171	4368	4058	4423	4520	4842	4234	0
4146	4170	4367	4055	4426	4520	4840	4235	0
4160	4174	4383	4056	4442	4520	4853	4233	0
4158	4169	4383	4055	4439	4520	4850	4230	0
4153	4169	4377	4059	4435	4520	4848	4230	0
4161	4170	4389	4057	4443	4517	4856	4232	0
4172	4168	4396	4052	4453	4517	4857	4232	0
4176	4170	4392	4061	4452	4520	4858	4233	0
4170	4168	4388	4060	4445	4517	4855	4235	0
4168	4171	4390	4057	4449	4519	4851	4235	0
4171	4174	4393	4060	4456	4522	4856	4233	0
4162	4169	4388	4057	4445	4522	4858	4233	0
4159	4169	4386	4060	4442	4523	4858	4233	0
4169	4168	4394	4063	4462	4523	4867	4232	0
4156	4167	4386	4063	4451	4522	4859	4231	0
4146	4170	4379	4058	4427	4521	4849	4232	0
4166	4167	4390	4052	4437	4520	4858	4232	0
4171	4170	4392	4057	4455	4520	4861	4235	0
4163	4170	4387	4061	4457	4520	4852	4236	0
4177	4169	4396	4061	4461	4521	4858	4231	0
4188	4171	4400	4061	4459	4522	4863	4232	0
4181	4168	4392	4055	4454	4520	4849	4233	0
4182	4170	4393	4060	4458	4518	4851	4231	0
4176	4170	4391	4061	4454	4519	4857	4230	0
4167	4168	4386	4057	4447	4521	4848	4231	0
4178	4171	4390	4060	4449	4522	4844	4232	0
4186	4170	4389	4055	4455	4519	4847	4232	0
4174	4171	4385	4059	4454	4518	4849	4233	0
4172	4169	4384	4062	4448	4522	4848	4234	0
4181	4166	4385	4054	4445	4522	4846	4232	0
4171	4172	4377	4058	4441	4518	4844	4231	0
4159	4168	4371	4058	4440	4518	4842	4230	0
4175	4165	4382	4056	4451	4523	4847	4234	0
4193	4171	4396	4056	4462	4523	4850	4234	0
4178	4171	4391	4054	4449	4522	4840	4229	0
4164	4173	4382	4058	4437	4522	4838	4229	0
4177	4171	4390	4057	4453	4520	4840	4233	0
4189	4170	4392	4056	4466	4518	4840	4233	0
4184	4173	4384	4060	4457	4518	4844	4232	0
4179	4168	4380	4055	4452	4518	4845	4233	0
4176	4170	4381	4056	4455	4518	4844	4233	0
4168	4172	4376	4059	4449	4518	4838	4231	0
4171	4172	4374	4059	4446	4518	4838	4232	0
4190	4170	4388	4058	4457	4520	4847	4232	0
4198	4164	4401	4051	4464	4521	4850	4230	0
4184	4172	4396	4061	4459	4524	4847	4231	0
4173	4174	4383	4064	4458	4522	4841	4231	0
4174	4166	4381	4056	4458	4520	4838	4231	0
4189	4170	4394	4060	4468	4522	4851	4234	0
4196	4170	4393	4057	4474	4518	4853	4232	0
4180	4173	4375	4057	4464	4520	4846	4233	0
4177	4172	4378	4060	4465	4524	4846	4237	0
4200	4166	4398	4055	4479	4521	4853	4234	0
4196	4173	4393	4059	4470	4520	4852	4231	0
4175	4169	4380	4057	4458	4521	4843	4232	0
4187	4169	4393	4060	4472	4523	4852	4235	0
4200	4175	4401	4061	4479	4519	4856	4232	0
4193	4169	4392	4051	4476	4519	4854	4230	0
4198	4172	4397	4061	4485	4521	4861	4234	0
4201	4169	4398	4060	4486	4520	4851	4232	0
4191	4167	4387	4054	4474	4522	4840	4232	0
4190	4172	4386	4058	4471	4523	4839	4235	0
4193	4165	4391	4052	4476	4521	4834	4233	0
4192	4168	4395	4055	4477	4521	4828	4231	0
4195	4171	4397	4060	4485	4518	4829	4230	0
4197	4168	4397	4057	4494	4520	4834	4231	0
4198	4172	4393	4059	4496	4524	4825	4232	0
4199	4171	4393	4055	4493	4520	4811	4229	0
4193	4172	4395	4056	4488	4518	4810	4232	0
4186	4171	4393	4058	4493	4522	4803	4233	0
4190	4168	4397	4056	4506	4523	4800	4230	0
4199	4170	4409	4061	4505	4519	4802	4228	0
4205	4168	4414	4058	4503	4519	4800	4230	0
4210	4171	4411	4060	4511	4523	4801	4233	0
4214	4169	4408	4058	4511	4521	4790	4230	0
4223	4165	4410	4053	4509	4517	4781	4229	0
4227	4173	4410	4062	4514	4518	4784	4232	0
4228	4170	4409	4058	4516	4517	4781	4231	0
4229	4170	4406	4057	4516	4518	4778	4233	0
4233	4175	4402	4064	4511	4519	4773	4232	0
4250	4170	4412	4057	4515	4520	4774	4229	0
4269	4174	4430	4062	4535	4523	4784	4231	0
4272	4171	4430	4064	4547	4521	4781	4232	0
4266	4169	4425	4061	4539	4519	4781	4231	0
4274	4173	4427	4059	4533	4520	4784	4229	0
4287	4167	4430	4056	4536	4523	4780	4230	0
4288	4172	4434	4064	4545	4523	4784	4232	0
4290	4170	4434	4061	4548	4520	4782	4229	0
4296	4165	4427	4055	4539	4520	4765	4228	0
4307	4172	4423	4063	4539	4522	4759	4230	0
4320	4170	4434	4058	4557	4520	4769	4230	0
4318	4169	4438	4060	4564	4521	4772	4231	0
4308	4169	4429	4058	4555	4521	4756	4231	0
4322	4168	4430	4052	4562	4518	4748	4228	0
4325	4169	4434	4060	4583	4521	4750	4231	0
4319	4173	4432	4059	4573	4521	4753	4229	0
4319	4169	4438	4061	4573	4518	4748	4229	0
4313	4169	4430	4062	4565	4520	4740	4230	0
4313	4172	4425	4061	4560	4523	4742	4232	0
4323	4169	4429	4057	4568	4521	4742	4231	0
4324	4171	4426	4064	4571	4519	4735	4227	0
4328	4170	4429	4062	4576	4520	4733	4228	0
4340	4168	4441	4057	4589	4521	4741	4233	0
4340	4174	4440	4060	4590	4522	4742	4233	0
4328	4172	4432	4057	4581	4521	4733	4230	0
4331	4170	4436	4063	4584	4521	4734	4231	0
4333	4167	4436	4066	4594	4522	4738	4230	0
4328	4166	4429	4062	4595	4521	4733	4229	0
4324	4172	4424	4060	4576	4518	4719	4231	0
4316	4171	4416	4056	4566	4519	4709	4229	0
4302	4173	4408	4062	4572	4523	4703	4230	0
4281	4172	4397	4061	4555	4523	4680	4231	0
4279	4167	4401	4055	4549	4522	4672	4229	0
4295	4170	4415	4062	4573	4523	4689	4229	0
4287	4169	4404	4061	4564	4523	4676	4230	0
4271	4171	4385	4059	4529	4522	4653	4230	0
4277	4171	4386	4061	4521	4518	4649	4229	0
4286	4168	4389	4058	4528	4516	4646	4228	0
4287	4173	4391	4060	4532	4521	4641	4228	0
4279	4171	4389	4060	4523	4522	4636	4229	0
4266	4170	4383	4064	4505	4518	4632	4230	0
4262	4172	4378	4066	4495	4518	4631	4230	0
4243	4167	4362	4056	4474	4520	4621	4227	0
4193	4170	4342	4058	4453	4522	4612	4228	0
4147	4170	4339	4059	4451	4522	4608	4227	0
4129	4170	4337	4056	4445	4520	4604	4226	0
4135	4173	4335	4063	4434	4520	4611	4229	0
4139	4168	4341	4057	4436	4519	4622	4227	0
4125	4172	4341	4059	4433	4520	4620	4225	0
4114	4171	4332	4063	4421	4521	4615	4227	0
4115	4165	4329	4057	4414	4523	4614	4230	0
4109	4172	4328	4058	4410	4523	4613	4230	0
4105	4169	4332	4056	4415	4522	4615	4227	0
4109	4168	4335	4061	4420	4524	4621	4229	0
4100	4173	4322	4060	4409	4523	4616	4231	0
4097	4170	4321	4052	4405	4520	4615	4229	0
4107	4172	4336	4059	4416	4522	4623	4228	0
4104	4169	4337	4058	4420	4523	4624	4227	0
4091	4169	4326	4055	4411	4521	4622	4228	0
4087	4173	4327	4060	4406	4521	4622	4230	0
4095	4168	4340	4055	4420	4520	4631	4230	0
4093	4171	4334	4056	4422	4521	4643	4229	0
4069	4173	4311	4059	4398	4521	4633	4229	0
4041	4170	4289	4061	4374	4520	4613	4230	0
4019	4170	4262	4058	4350	4522	4594	4229	0
3998	4169	4233	4050	4318	4523	4575	4226	0
3983	4174	4222	4059	4299	4523	4569	4229	0
3971	4171	4216	4062	4293	4521	4564	4229	0
3944	4170	4184	4055	4263	4520	4542	4224	0
3902	4176	4137	4054	4213	4521	4518	4225	0
3857	4173	4096	4050	4167	4520	4500	4228	0
3830	4172	4078	4055	4146	4521	4492	4228	0
3814	4170	4067	4057	4137	4520	4487	4228	0
3787	4166	4034	4053	4104	4517	4468	4229	0
3767	4172	4010	4053	4075	4516	4457	4229	0
3763	4172	4010	4050	4072	4519	4458	4227	0
3744	4172	3998	4057	4064	4523	4449	4226	0
3718	4170	3975	4057	4046	4522	4434	4227	0
3705	4171	3969	4049	4041	4520	4433	4227	0
3686	4176	3967	4055	4033	4522	4437	4227	0
3667	4168	3957	4054	4024	4521	4431	4226	0
3682	4171	3972	4053	4040	4520	4445	4227	0
3715	4175	4004	4054	4071	4521	4470	4228	0
3729	4168	4015	4052	4088	4521	4476	4228	0
3743	4173	4024	4058	4097	4520	4483	4229	0
3761	4173	4043	4054	4112	4518	4495	4228	0
3763	4172	4050	4054	4118	4520	4498	4229	0
3767	4171	4052	4055	4119	4521	4499	4230	0
3765	4169	4047	4048	4114	4518	4500	4226	0
3745	4172	4035	4051	4105	4520	4495	4225	0
3755	4168	4045	4050	4113	4522	4500	4229	0
3794	4172	4073	4051	4140	4521	4517	4229	0
3796	4175	4072	4053	4141	4519	4520	4226	0
3761	4168	4044	4050	4107	4518	4501	4228	0
3754	4172	4038	4054	4096	4519	4496	4231	0
3789	4171	4065	4053	4131	4520	4518	4230	0
3812	4170	4083	4052	4155	4522	4533	4228	0
3807	4173	4081	4055	4147	4521	4533	4228	0
3804	4168	4081	4054	4144	4518	4533	4227	0
3803	4170	4076	4056	4142	4522	4529	4227	0
3797	4174	4067	4053	4135	4520	4523	4228	0
3804	4171	4073	4050	4140	4516	4528	4229	0
3802	4171	4070	4056	4134	4522	4527	4227	0
3794	4171	4061	4053	4121	4523	4514	4225	0
3806	4173	4072	4053	4133	4520	4524	4228	0
3814	4169	4077	4053	4146	4520	4538	4229	0
3813	4169	4075	4051	4145	4522	4534	4228	0
3811	4175	4078	4057	4144	4523	4532	4230	0
3798	4170	4077	4054	4144	4521	4530	4231	0
3793	4170	4073	4053	4142	4520	4528	4229	0
3798	4174	4074	4054	4140	4519	4528	4231	0
3789	4168	4071	4048	4134	4520	4524	4232	0
3784	4171	4073	4052	4140	4521	4526	4232	0
3800	4171	4087	4054	4158	4520	4536	4229	0
3802	4169	4089	4052	4157	4521	4540	4228	0
3784	4171	4081	4052	4146	4522	4538	4230	0
3781	4171	4082	4050	4152	4521	4538	4228	0
3804	4173	4103	4056	4172	4523	4550	4226	0
3814	4170	4119	4058	4185	4523	4560	4226	0
3794	4168	4104	4055	4171	4522	4546	4228	0
3790	4171	4094	4056	4160	4523	4536	4230	0
3807	4165	4108	4048	4172	4521	4547	4228	0
3800	4171	4106	4053	4170	4518	4548	4227	0
3786	4172	4094	4054	4153	4518	4536	4227	0
3801	4165	4106	4046	4164	4518	4541	4227	0
3822	4169	4120	4051	4192	4521	4555	4229	0
3833	4164	4126	4046	4203	4523	4558	4229	0
3849	4166	4146	4048	4208	4523	4571	4227	0
3850	4169	4148	4054	4210	4521	4579	4230	0
3836	4161	4129	4047	4203	4518	4567	4230	0
3837	4168	4130	4051	4201	4520	4568	4227	0
3841	4169	4133	4053	4204	4520	4570	4227	0
3844	4168	4128	4053	4203	4521	4567	4229	0
3864	4173	4143	4054	4214	4521	4575	4229	0
3872	4171	4155	4049	4227	4519	4579	4228	0
3853	4176	4140	4058	4210	4520	4568	4230	0
3849	4173	4134	4062	4194	4520	4556	4231	0
3867	4168	4149	4056	4214	4521	4567	4229	0
3876	4174	4157	4056	4233	4523	4583	4228	0
3872	4173	4157	4053	4228	4521	4582	4228	0
3869	4177	4158	4063	4223	4521	4587	4230	0
3865	4174	4155	4062	4223	4522	4594	4231	0
3866	4169	4155	4054	4223	4522	4594	4229	0
3875	4173	4166	4060	4230	4523	4603	4227	0
3883	4170	4175	4058	4243	4522	4616	4227	0
3890	4177	4180	4063	4253	4522	4622	4231	0
3891	4177	4176	4061	4251	4522	4620	4233	0
3889	4172	4174	4054	4250	4520	4621	4228	0
3892	4172	4178	4056	4256	4521	4631	4228	0
3897	4169	4183	4052	4265	4521	4639	4230	0
3898	4173	4187	4056	4267	4521	4647	4229	0
3902	4168	4189	4053	4267	4519	4649	4229	0
3908	4166	4190	4050	4277	4517	4650	4228	0
3905	4173	4185	4055	4291	4520	4655	4227	0
3900	4169	4176	4052	4292	4521	4653	4228	0
3911	4170	4181	4056	4287	4522	4649	4231	0
3925	4168	4193	4053	4293	4522	4651	4231	0
3919	4168	4189	4049	4300	4520	4654	4229	0
3906	4173	4176	4056	4291	4520	4654	4230	0
3909	4166	4183	4051	4286	4522	4652	4229	0
3908	4172	4189	4058	4287	4522	4646	4228	0
3895	4169	4176	4056	4281	4518	4633	4229	0
3888	4163	4169	4049	4270	4521	4628	4229	0
3891	4172	4175	4060	4273	4524	4641	4229	0
3893	4166	4182	4053	4286	4522	4647	4227	0
3878	4169	4175	4053	4272	4520	4640	4228	0
3866	4170	4166	4055	4254	4520	4631	4229	0
3875	4165	4170	4048	4266	4521	4627	4226	0
3883	4176	4175	4061	4274	4524	4627	4227	0
3877	4168	4171	4053	4262	4522	4616	4228	0
3885	4166	4175	4050	4268	4518	4615	4226	0
3895	4173	4182	4056	4278	4521	4620	4226	0
3885	4163	4170	4050	4261	4521	4606	4226	0
3879	4169	4164	4060	4249	4520	4597	4227	0
3887	4167	4175	4051	4257	4518	4604	4228	0
3886	4165	4177	4046	4253	4520	4605	4226	0
3886	4170	4176	4056	4247	4523	4601	4227	0
3895	4162	4185	4049	4258	4522	4604	4228	0
3903	4171	4194	4058	4265	4521	4615	4230	0
3911	4171	4201	4055	4264	4523	4606	4226	0
3916	4164	4205	4047	4264	4523	4590	4227	0
3911	4170	4206	4057	4262	4521	4591	4231	0
3907	4164	4205	4049	4262	4519	4586	4226	0
3908	4169	4203	4052	4258	4521	4576	4225	0
3913	4171	4203	4052	4251	4521	4574	4230	0
3918	4165	4211	4047	4249	4520	4582	4228	0
3925	4169	4222	4058	4258	4521	4595	4227	0
3935	4163	4228	4050	4267	4520	4597	4227	0
3953	4168	4231	4051	4272	4517	4598	4227	0
3959	4170	4232	4053	4276	4520	4603	4226	0
3942	4163	4226	4047	4265	4522	4597	4226	0
3931	4170	4218	4057	4248	4522	4589	4229	0
3939	4162	4217	4052	4246	4520	4587	4229	0
3951	4165	4221	4051	4254	4521	4592	4227	0
3951	4171	4224	4055	4257	4522	4593	4228	0
3946	4163	4223	4049	4261	4521	4591	4232	0
3953	4170	4224	4057	4260	4522	4593	4233	0
3965	4165	4225	4052	4256	4521	4588	4229	0
3976	4163	4232	4048	4265	4518	4592	4228	0
3991	4170	4246	4054	4283	4520	4609	4232	0
3988	4162	4248	4048	4281	4521	4612	4231	0
3990	4168	4246	4055	4275	4521	4615	4231	0
4007	4170	4255	4054	4288	4519	4627	4231	0
4013	4163	4263	4050	4295	4521	4634	4232	0
4017	4165	4265	4058	4291	4525	4636	4234	0
4029	4163	4272	4051	4295	4523	4637	4234	0
4025	4169	4279	4052	4302	4522	4646	4234	0
4009	4169	4273	4051	4300	4522	4646	4233	0
4013	4164	4272	4046	4301	4522	4642	4231	0
4033	4170	4285	4053	4312	4522	4650	4232	0
4031	4164	4282	4050	4312	4521	4644	4232	0
4017	4163	4267	4051	4301	4522	4632	4229	0
4025	4165	4277	4054	4305	4521	4639	4230	0
4041	4163	4296	4048	4317	4519	4646	4233	0
4043	4168	4297	4053	4311	4520	4641	4234	0
4055	4163	4305	4051	4312	4522	4641	4231	0
4073	4163	4316	4049	4326	4523	4647	4229	0
4071	4168	4310	4053	4325	4524	4643	4230	0
4065	4161	4304	4048	4322	4524	4639	4231	0
